
           4 symmetry inequivalent Kpoints in fractional coordinates: 
            1       0.250000      -0.250000      -0.250000       0.250
            2       0.250000      -0.250000       0.250000       0.250
            3       0.250000       0.250000      -0.250000       0.250
            4       0.250000       0.250000       0.250000       0.250

    Number of species:  2
    --------------------------------------------------------
    |   #  mass (au)  Charge (e)  SF Rad (a0)  NSF  Label  |
    --------------------------------------------------------
    |   1     22.990       9.000       10.790    8  Na     |
    |   2     35.450       7.000        5.845    9  Cl     |
    --------------------------------------------------------
    end of species report

          Eigenvalues and occupancies for k-point   1 :      0.14557    -0.14557    -0.14557
               -2.1165513  0.25000       -2.1165326  0.25000       -2.1165326  0.25000
               -2.1165326  0.25000       -1.0858028  0.25000       -1.0858028  0.25000
               -1.0858028  0.25000       -1.0855013  0.25000       -1.0853564  0.25000
               -1.0853564  0.25000       -1.0853564  0.25000       -1.0851987  0.25000
               -1.0851987  0.25000       -1.0851987  0.25000       -1.0850341  0.25000
               -1.0850341  0.25000       -0.7495438  0.25000       -0.7426903  0.25000
               -0.7426903  0.25000       -0.7426903  0.25000       -0.3503725  0.25000
               -0.3503725  0.25000       -0.3503725  0.25000       -0.3331300  0.25000
               -0.3202914  0.25000       -0.3202914  0.25000       -0.3202914  0.25000
               -0.3087354  0.25000       -0.3087354  0.25000       -0.3087354  0.25000
               -0.2976832  0.25000       -0.2976832  0.25000       -0.0523192  0.00000
                0.0123295  0.00000        0.0123295  0.00000        0.0123295  0.00000
                0.0537452  0.00000        0.0537452  0.00000        0.0537452  0.00000
                0.1027643  0.00000        0.1027643  0.00000        0.1027643  0.00000
                0.1134380  0.00000        0.1539518  0.00000        0.1539518  0.00000
                0.1553776  0.00000        0.1553776  0.00000        0.1553776  0.00000
                0.2822008  0.00000        0.2822008  0.00000        0.3232024  0.00000
                0.3232024  0.00000        0.3232024  0.00000        0.3325740  0.00000
                0.3325740  0.00000        0.3325740  0.00000        0.3958961  0.00000
                0.3958961  0.00000        0.3958961  0.00000        0.4277504  0.00000
                0.4726020  0.00000        0.4726020  0.00000        0.4726020  0.00000
                0.5196878  0.00000        0.5196878  0.00000        0.5318301  0.00000
                0.5318301  0.00000        0.5318301  0.00000
          Sum of eigenvalues for spin = 1:     -7.08377529243 Ha
          Sum of eigenvalues:    -14.16755058486 Ha
          Eigenvalues and occupancies for k-point   2 :      0.14557    -0.14557     0.14557
               -2.1165513  0.25000       -2.1165326  0.25000       -2.1165326  0.25000
               -2.1165326  0.25000       -1.0858028  0.25000       -1.0858028  0.25000
               -1.0858028  0.25000       -1.0855013  0.25000       -1.0853564  0.25000
               -1.0853564  0.25000       -1.0853564  0.25000       -1.0851987  0.25000
               -1.0851987  0.25000       -1.0851987  0.25000       -1.0850341  0.25000
               -1.0850341  0.25000       -0.7495438  0.25000       -0.7426903  0.25000
               -0.7426903  0.25000       -0.7426903  0.25000       -0.3503725  0.25000
               -0.3503725  0.25000       -0.3503725  0.25000       -0.3331300  0.25000
               -0.3202914  0.25000       -0.3202914  0.25000       -0.3202914  0.25000
               -0.3087354  0.25000       -0.3087354  0.25000       -0.3087354  0.25000
               -0.2976832  0.25000       -0.2976832  0.25000       -0.0523192  0.00000
                0.0123295  0.00000        0.0123295  0.00000        0.0123295  0.00000
                0.0537452  0.00000        0.0537452  0.00000        0.0537452  0.00000
                0.1027643  0.00000        0.1027643  0.00000        0.1027643  0.00000
                0.1134380  0.00000        0.1539518  0.00000        0.1539518  0.00000
                0.1553776  0.00000        0.1553776  0.00000        0.1553776  0.00000
                0.2822008  0.00000        0.2822008  0.00000        0.3232024  0.00000
                0.3232024  0.00000        0.3232024  0.00000        0.3325740  0.00000
                0.3325740  0.00000        0.3325740  0.00000        0.3958961  0.00000
                0.3958961  0.00000        0.3958961  0.00000        0.4277504  0.00000
                0.4726020  0.00000        0.4726020  0.00000        0.4726020  0.00000
                0.5196878  0.00000        0.5196878  0.00000        0.5318301  0.00000
                0.5318301  0.00000        0.5318301  0.00000
          Sum of eigenvalues for spin = 1:    -14.16755058486 Ha
          Sum of eigenvalues:    -28.33510116973 Ha
          Eigenvalues and occupancies for k-point   3 :      0.14557     0.14557    -0.14557
               -2.1165513  0.25000       -2.1165326  0.25000       -2.1165326  0.25000
               -2.1165326  0.25000       -1.0858028  0.25000       -1.0858028  0.25000
               -1.0858028  0.25000       -1.0855013  0.25000       -1.0853564  0.25000
               -1.0853564  0.25000       -1.0853564  0.25000       -1.0851987  0.25000
               -1.0851987  0.25000       -1.0851987  0.25000       -1.0850341  0.25000
               -1.0850341  0.25000       -0.7495438  0.25000       -0.7426903  0.25000
               -0.7426903  0.25000       -0.7426903  0.25000       -0.3503725  0.25000
               -0.3503725  0.25000       -0.3503725  0.25000       -0.3331300  0.25000
               -0.3202914  0.25000       -0.3202914  0.25000       -0.3202914  0.25000
               -0.3087354  0.25000       -0.3087354  0.25000       -0.3087354  0.25000
               -0.2976832  0.25000       -0.2976832  0.25000       -0.0523192  0.00000
                0.0123295  0.00000        0.0123295  0.00000        0.0123295  0.00000
                0.0537452  0.00000        0.0537452  0.00000        0.0537452  0.00000
                0.1027643  0.00000        0.1027643  0.00000        0.1027643  0.00000
                0.1134380  0.00000        0.1539518  0.00000        0.1539518  0.00000
                0.1553776  0.00000        0.1553776  0.00000        0.1553776  0.00000
                0.2822008  0.00000        0.2822008  0.00000        0.3232024  0.00000
                0.3232024  0.00000        0.3232024  0.00000        0.3325740  0.00000
                0.3325740  0.00000        0.3325740  0.00000        0.3958961  0.00000
                0.3958961  0.00000        0.3958961  0.00000        0.4277504  0.00000
                0.4726020  0.00000        0.4726020  0.00000        0.4726020  0.00000
                0.5196878  0.00000        0.5196878  0.00000        0.5318301  0.00000
                0.5318301  0.00000        0.5318301  0.00000
          Sum of eigenvalues for spin = 1:    -21.25132587730 Ha
          Sum of eigenvalues:    -42.50265175459 Ha
          Eigenvalues and occupancies for k-point   4 :      0.14557     0.14557     0.14557
               -2.1165513  0.25000       -2.1165326  0.25000       -2.1165326  0.25000
               -2.1165326  0.25000       -1.0858028  0.25000       -1.0858028  0.25000
               -1.0858028  0.25000       -1.0855013  0.25000       -1.0853564  0.25000
               -1.0853564  0.25000       -1.0853564  0.25000       -1.0851987  0.25000
               -1.0851987  0.25000       -1.0851987  0.25000       -1.0850341  0.25000
               -1.0850341  0.25000       -0.7495438  0.25000       -0.7426903  0.25000
               -0.7426903  0.25000       -0.7426903  0.25000       -0.3503725  0.25000
               -0.3503725  0.25000       -0.3503725  0.25000       -0.3331300  0.25000
               -0.3202914  0.25000       -0.3202914  0.25000       -0.3202914  0.25000
               -0.3087354  0.25000       -0.3087354  0.25000       -0.3087354  0.25000
               -0.2976832  0.25000       -0.2976832  0.25000       -0.0523192  0.00000
                0.0123295  0.00000        0.0123295  0.00000        0.0123295  0.00000
                0.0537452  0.00000        0.0537452  0.00000        0.0537452  0.00000
                0.1027643  0.00000        0.1027643  0.00000        0.1027643  0.00000
                0.1134380  0.00000        0.1539518  0.00000        0.1539518  0.00000
                0.1553776  0.00000        0.1553776  0.00000        0.1553776  0.00000
                0.2822008  0.00000        0.2822008  0.00000        0.3232024  0.00000
                0.3232024  0.00000        0.3232024  0.00000        0.3325740  0.00000
                0.3325740  0.00000        0.3325740  0.00000        0.3958961  0.00000
                0.3958961  0.00000        0.3958961  0.00000        0.4277504  0.00000
                0.4726020  0.00000        0.4726020  0.00000        0.4726020  0.00000
                0.5196878  0.00000        0.5196878  0.00000        0.5318301  0.00000
                0.5318301  0.00000        0.5318301  0.00000
          Sum of eigenvalues for spin = 1:    -28.33510116973 Ha
          Sum of eigenvalues:    -56.67020233946 Ha
          Fermi energy for spin = 1 is     -0.17268324271 Ha

    DFT total energy        =      -248.897303469700574 Ha

    force: Forces on atoms (Ha/a0)
    force:  Atom   X              Y              Z
    force:     1  -0.0000000000   0.0000000000  -0.0000000000
    force:     2  -0.0000000000   0.0000000000   0.0000000000
    force:     3  -0.0000000000  -0.0000000000   0.0000000000
    force:     4  -0.0000000000  -0.0000000000   0.0000000000
    force:     5  -0.0000000000   0.0000000000  -0.0000000000
    force:     6   0.0000000000   0.0000000000  -0.0000000000
    force:     7  -0.0000000000  -0.0000000000  -0.0000000000
    force:     8   0.0000000000  -0.0000000000   0.0000000000
    end of force report
    force: Total stress:          1.54918689     1.54918689     1.54918689 GPa
