    ________________________________________________________________________
                                                                            
                                    CONQUEST                                
                                                                            
                Concurrent Order N QUantum Electronic STructure             
    ________________________________________________________________________
                                                                            
     Conquest lead developers:                                              
      D.R.Bowler (UCL, NIMS), T.Miyazaki (NIMS), A.Nakata (NIMS),           
      L. Truflandier (U. Bordeaux)                                          
                                                                            
     Developers:                                                            
      M.Arita (NIMS), J.S.Baker (UCL), V.Brazdova (UCL), R.Choudhury (UCL), 
      S.Y.Mujahed (UCL), J.T.Poulton (UCL), Z.Raza (NIMS), A.Sena (UCL),    
      U.Terranova (UCL), L.Tong (UCL), A.Torralba (NIMS)                    
                                                                            
     Early development:                                                     
      I.J.Bush (STFC), C.M.Goringe (Keele), E.H.Hernandez (Keele)           
                                                                            
     Original inspiration and project oversight:                            
      M.J.Gillan (Keele, UCL)                                               
    ________________________________________________________________________

          Reading ion files

          symbol = Ge
          label = Ge                  
          z =     32.00000
          zval_int, zval =     14.00000
          mass =      72.6100000000000    
          self_energy =      0.00000000000000    
          lmax_basis, n_orbnl =    2   6
          lmax_projs, n_pjnl =    2   6
          XC functional code =      101
          PSEUDO_TM: i, l,n, ekb =   0  1    6.3627631832000002
          PSEUDO_TM: i, l,n, ekb =   0  2    0.5887043841000000
          PSEUDO_TM: i, l,n, ekb =   1  1    3.8176609927000000
          PSEUDO_TM: i, l,n, ekb =   1  2    0.7339947704999999
          PSEUDO_TM: i, l,n, ekb =   2  1   -9.3086812072999994
          PSEUDO_TM: i, l,n, ekb =   2  2   -3.5974925376000000

    Simulation cell dimensions:    43.0100 a0 x    43.0100 a0 x    43.0100 a0

    Simulation cell volume:     79562.4829 a0**3

      Atomic coordinates (a0)
         Atom         X         Y         Z  Species
            1    0.0000    0.0000    0.0000        1
            2    0.0000    5.3762    5.3762        1
            3    5.3762    5.3762    0.0000        1
            4    5.3762    0.0000    5.3762        1
            5    8.0644    2.6881    8.0644        1
            6    2.6881    2.6881    2.6881        1
            7    2.6881    8.0644    8.0644        1
            8    8.0644    8.0644    2.6881        1
            9    0.0000    0.0000   10.7525        1
           10    0.0000    5.3762   16.1288        1
           11    5.3762    5.3762   10.7525        1
           12    5.3762    0.0000   16.1288        1
           13    8.0644    2.6881   18.8169        1
           14    2.6881    2.6881   13.4406        1
           15    2.6881    8.0644   18.8169        1
           16    8.0644    8.0644   13.4406        1
           17    0.0000    0.0000   21.5050        1
           18    0.0000    5.3762   26.8812        1
           19    5.3762    5.3762   21.5050        1
           20    5.3762    0.0000   26.8812        1
           21    8.0644    2.6881   29.5694        1
           22    2.6881    2.6881   24.1931        1
           23    2.6881    8.0644   29.5694        1
           24    8.0644    8.0644   24.1931        1
           25    0.0000    0.0000   32.2575        1
           26    0.0000    5.3762   37.6337        1
           27    5.3762    5.3762   32.2575        1
           28    5.3762    0.0000   37.6337        1
           29    8.0644    2.6881   40.3219        1
           30    2.6881    2.6881   34.9456        1
           31    2.6881    8.0644   40.3219        1
           32    8.0644    8.0644   34.9456        1
           33    0.0000   10.7525    0.0000        1
           34    0.0000   16.1288    5.3762        1
           35    5.3762   16.1288    0.0000        1
           36    5.3762   10.7525    5.3762        1
           37    8.0644   13.4406    8.0644        1
           38    2.6881   13.4406    2.6881        1
           39    2.6881   18.8169    8.0644        1
           40    8.0644   18.8169    2.6881        1
           41    0.0000   10.7525   10.7525        1
           42    0.0000   16.1288   16.1288        1
           43    5.3762   16.1288   10.7525        1
           44    5.3762   10.7525   16.1288        1
           45    8.0644   13.4406   18.8169        1
           46    2.6881   13.4406   13.4406        1
           47    2.6881   18.8169   18.8169        1
           48    8.0644   18.8169   13.4406        1
           49    0.0000   10.7525   21.5050        1
           50    0.0000   16.1288   26.8812        1
           51    5.3762   16.1288   21.5050        1
           52    5.3762   10.7525   26.8812        1
           53    8.0644   13.4406   29.5694        1
           54    2.6881   13.4406   24.1931        1
           55    2.6881   18.8169   29.5694        1
           56    8.0644   18.8169   24.1931        1
           57    0.0000   10.7525   32.2575        1
           58    0.0000   16.1288   37.6337        1
           59    5.3762   16.1288   32.2575        1
           60    5.3762   10.7525   37.6337        1
           61    8.0644   13.4406   40.3219        1
           62    2.6881   13.4406   34.9456        1
           63    2.6881   18.8169   40.3219        1
           64    8.0644   18.8169   34.9456        1
           65    0.0000   21.5050    0.0000        1
           66    0.0000   26.8812    5.3762        1
           67    5.3762   26.8812    0.0000        1
           68    5.3762   21.5050    5.3762        1
           69    8.0644   24.1931    8.0644        1
           70    2.6881   24.1931    2.6881        1
           71    2.6881   29.5694    8.0644        1
           72    8.0644   29.5694    2.6881        1
           73    0.0000   21.5050   10.7525        1
           74    0.0000   26.8812   16.1288        1
           75    5.3762   26.8812   10.7525        1
           76    5.3762   21.5050   16.1288        1
           77    8.0644   24.1931   18.8169        1
           78    2.6881   24.1931   13.4406        1
           79    2.6881   29.5694   18.8169        1
           80    8.0644   29.5694   13.4406        1
           81    0.0000   21.5050   21.5050        1
           82    0.0000   26.8812   26.8812        1
           83    5.3762   26.8812   21.5050        1
           84    5.3762   21.5050   26.8812        1
           85    8.0644   24.1931   29.5694        1
           86    2.6881   24.1931   24.1931        1
           87    2.6881   29.5694   29.5694        1
           88    8.0644   29.5694   24.1931        1
           89    0.0000   21.5050   32.2575        1
           90    0.0000   26.8812   37.6337        1
           91    5.3762   26.8812   32.2575        1
           92    5.3762   21.5050   37.6337        1
           93    8.0644   24.1931   40.3219        1
           94    2.6881   24.1931   34.9456        1
           95    2.6881   29.5694   40.3219        1
           96    8.0644   29.5694   34.9456        1
           97    0.0000   32.2575    0.0000        1
           98    0.0000   37.6337    5.3762        1
           99    5.3762   37.6337    0.0000        1
          100    5.3762   32.2575    5.3762        1
          101    8.0644   34.9456    8.0644        1
          102    2.6881   34.9456    2.6881        1
          103    2.6881   40.3219    8.0644        1
          104    8.0644   40.3219    2.6881        1
          105    0.0000   32.2575   10.7525        1
          106    0.0000   37.6337   16.1288        1
          107    5.3762   37.6337   10.7525        1
          108    5.3762   32.2575   16.1288        1
          109    8.0644   34.9456   18.8169        1
          110    2.6881   34.9456   13.4406        1
          111    2.6881   40.3219   18.8169        1
          112    8.0644   40.3219   13.4406        1
          113    0.0000   32.2575   21.5050        1
          114    0.0000   37.6337   26.8812        1
          115    5.3762   37.6337   21.5050        1
          116    5.3762   32.2575   26.8812        1
          117    8.0644   34.9456   29.5694        1
          118    2.6881   34.9456   24.1931        1
          119    2.6881   40.3219   29.5694        1
          120    8.0644   40.3219   24.1931        1
          121    0.0000   32.2575   32.2575        1
          122    0.0000   37.6337   37.6337        1
          123    5.3762   37.6337   32.2575        1
          124    5.3762   32.2575   37.6337        1
          125    8.0644   34.9456   40.3219        1
          126    2.6881   34.9456   34.9456        1
          127    2.6881   40.3219   40.3219        1
          128    8.0644   40.3219   34.9456        1
          129   10.7525    0.0000    0.0000        1
          130   10.7525    5.3762    5.3762        1
          131   16.1288    5.3762    0.0000        1
          132   16.1288    0.0000    5.3762        1
          133   18.8169    2.6881    8.0644        1
          134   13.4406    2.6881    2.6881        1
          135   13.4406    8.0644    8.0644        1
          136   18.8169    8.0644    2.6881        1
          137   10.7525    0.0000   10.7525        1
          138   10.7525    5.3762   16.1288        1
          139   16.1288    5.3762   10.7525        1
          140   16.1288    0.0000   16.1288        1
          141   18.8169    2.6881   18.8169        1
          142   13.4406    2.6881   13.4406        1
          143   13.4406    8.0644   18.8169        1
          144   18.8169    8.0644   13.4406        1
          145   10.7525    0.0000   21.5050        1
          146   10.7525    5.3762   26.8812        1
          147   16.1288    5.3762   21.5050        1
          148   16.1288    0.0000   26.8812        1
          149   18.8169    2.6881   29.5694        1
          150   13.4406    2.6881   24.1931        1
          151   13.4406    8.0644   29.5694        1
          152   18.8169    8.0644   24.1931        1
          153   10.7525    0.0000   32.2575        1
          154   10.7525    5.3762   37.6337        1
          155   16.1288    5.3762   32.2575        1
          156   16.1288    0.0000   37.6337        1
          157   18.8169    2.6881   40.3219        1
          158   13.4406    2.6881   34.9456        1
          159   13.4406    8.0644   40.3219        1
          160   18.8169    8.0644   34.9456        1
          161   10.7525   10.7525    0.0000        1
          162   10.7525   16.1288    5.3762        1
          163   16.1288   16.1288    0.0000        1
          164   16.1288   10.7525    5.3762        1
          165   18.8169   13.4406    8.0644        1
          166   13.4406   13.4406    2.6881        1
          167   13.4406   18.8169    8.0644        1
          168   18.8169   18.8169    2.6881        1
          169   10.7525   10.7525   10.7525        1
          170   10.7525   16.1288   16.1288        1
          171   16.1288   16.1288   10.7525        1
          172   16.1288   10.7525   16.1288        1
          173   18.8169   13.4406   18.8169        1
          174   13.4406   13.4406   13.4406        1
          175   13.4406   18.8169   18.8169        1
          176   18.8169   18.8169   13.4406        1
          177   10.7525   10.7525   21.5050        1
          178   10.7525   16.1288   26.8812        1
          179   16.1288   16.1288   21.5050        1
          180   16.1288   10.7525   26.8812        1
          181   18.8169   13.4406   29.5694        1
          182   13.4406   13.4406   24.1931        1
          183   13.4406   18.8169   29.5694        1
          184   18.8169   18.8169   24.1931        1
          185   10.7525   10.7525   32.2575        1
          186   10.7525   16.1288   37.6337        1
          187   16.1288   16.1288   32.2575        1
          188   16.1288   10.7525   37.6337        1
          189   18.8169   13.4406   40.3219        1
          190   13.4406   13.4406   34.9456        1
          191   13.4406   18.8169   40.3219        1
          192   18.8169   18.8169   34.9456        1
          193   10.7525   21.5050    0.0000        1
          194   10.7525   26.8812    5.3762        1
          195   16.1288   26.8812    0.0000        1
          196   16.1288   21.5050    5.3762        1
          197   18.8169   24.1931    8.0644        1
          198   13.4406   24.1931    2.6881        1
          199   13.4406   29.5694    8.0644        1
          200   18.8169   29.5694    2.6881        1
          201   10.7525   21.5050   10.7525        1
          202   10.7525   26.8812   16.1288        1
          203   16.1288   26.8812   10.7525        1
          204   16.1288   21.5050   16.1288        1
          205   18.8169   24.1931   18.8169        1
          206   13.4406   24.1931   13.4406        1
          207   13.4406   29.5694   18.8169        1
          208   18.8169   29.5694   13.4406        1
          209   10.7525   21.5050   21.5050        1
          210   10.7525   26.8812   26.8812        1
          211   16.1288   26.8812   21.5050        1
          212   16.1288   21.5050   26.8812        1
          213   18.8169   24.1931   29.5694        1
          214   13.4406   24.1931   24.1931        1
          215   13.4406   29.5694   29.5694        1
          216   18.8169   29.5694   24.1931        1
          217   10.7525   21.5050   32.2575        1
          218   10.7525   26.8812   37.6337        1
          219   16.1288   26.8812   32.2575        1
          220   16.1288   21.5050   37.6337        1
          221   18.8169   24.1931   40.3219        1
          222   13.4406   24.1931   34.9456        1
          223   13.4406   29.5694   40.3219        1
          224   18.8169   29.5694   34.9456        1
          225   10.7525   32.2575    0.0000        1
          226   10.7525   37.6337    5.3762        1
          227   16.1288   37.6337    0.0000        1
          228   16.1288   32.2575    5.3762        1
          229   18.8169   34.9456    8.0644        1
          230   13.4406   34.9456    2.6881        1
          231   13.4406   40.3219    8.0644        1
          232   18.8169   40.3219    2.6881        1
          233   10.7525   32.2575   10.7525        1
          234   10.7525   37.6337   16.1288        1
          235   16.1288   37.6337   10.7525        1
          236   16.1288   32.2575   16.1288        1
          237   18.8169   34.9456   18.8169        1
          238   13.4406   34.9456   13.4406        1
          239   13.4406   40.3219   18.8169        1
          240   18.8169   40.3219   13.4406        1
          241   10.7525   32.2575   21.5050        1
          242   10.7525   37.6337   26.8812        1
          243   16.1288   37.6337   21.5050        1
          244   16.1288   32.2575   26.8812        1
          245   18.8169   34.9456   29.5694        1
          246   13.4406   34.9456   24.1931        1
          247   13.4406   40.3219   29.5694        1
          248   18.8169   40.3219   24.1931        1
          249   10.7525   32.2575   32.2575        1
          250   10.7525   37.6337   37.6337        1
          251   16.1288   37.6337   32.2575        1
          252   16.1288   32.2575   37.6337        1
          253   18.8169   34.9456   40.3219        1
          254   13.4406   34.9456   34.9456        1
          255   13.4406   40.3219   40.3219        1
          256   18.8169   40.3219   34.9456        1
          257   21.5050    0.0000    0.0000        1
          258   21.5050    5.3762    5.3762        1
          259   26.8812    5.3762    0.0000        1
          260   26.8812    0.0000    5.3762        1
          261   29.5694    2.6881    8.0644        1
          262   24.1931    2.6881    2.6881        1
          263   24.1931    8.0644    8.0644        1
          264   29.5694    8.0644    2.6881        1
          265   21.5050    0.0000   10.7525        1
          266   21.5050    5.3762   16.1288        1
          267   26.8812    5.3762   10.7525        1
          268   26.8812    0.0000   16.1288        1
          269   29.5694    2.6881   18.8169        1
          270   24.1931    2.6881   13.4406        1
          271   24.1931    8.0644   18.8169        1
          272   29.5694    8.0644   13.4406        1
          273   21.5050    0.0000   21.5050        1
          274   21.5050    5.3762   26.8812        1
          275   26.8812    5.3762   21.5050        1
          276   26.8812    0.0000   26.8812        1
          277   29.5694    2.6881   29.5694        1
          278   24.1931    2.6881   24.1931        1
          279   24.1931    8.0644   29.5694        1
          280   29.5694    8.0644   24.1931        1
          281   21.5050    0.0000   32.2575        1
          282   21.5050    5.3762   37.6337        1
          283   26.8812    5.3762   32.2575        1
          284   26.8812    0.0000   37.6337        1
          285   29.5694    2.6881   40.3219        1
          286   24.1931    2.6881   34.9456        1
          287   24.1931    8.0644   40.3219        1
          288   29.5694    8.0644   34.9456        1
          289   21.5050   10.7525    0.0000        1
          290   21.5050   16.1288    5.3762        1
          291   26.8812   16.1288    0.0000        1
          292   26.8812   10.7525    5.3762        1
          293   29.5694   13.4406    8.0644        1
          294   24.1931   13.4406    2.6881        1
          295   24.1931   18.8169    8.0644        1
          296   29.5694   18.8169    2.6881        1
          297   21.5050   10.7525   10.7525        1
          298   21.5050   16.1288   16.1288        1
          299   26.8812   16.1288   10.7525        1
          300   26.8812   10.7525   16.1288        1
          301   29.5694   13.4406   18.8169        1
          302   24.1931   13.4406   13.4406        1
          303   24.1931   18.8169   18.8169        1
          304   29.5694   18.8169   13.4406        1
          305   21.5050   10.7525   21.5050        1
          306   21.5050   16.1288   26.8812        1
          307   26.8812   16.1288   21.5050        1
          308   26.8812   10.7525   26.8812        1
          309   29.5694   13.4406   29.5694        1
          310   24.1931   13.4406   24.1931        1
          311   24.1931   18.8169   29.5694        1
          312   29.5694   18.8169   24.1931        1
          313   21.5050   10.7525   32.2575        1
          314   21.5050   16.1288   37.6337        1
          315   26.8812   16.1288   32.2575        1
          316   26.8812   10.7525   37.6337        1
          317   29.5694   13.4406   40.3219        1
          318   24.1931   13.4406   34.9456        1
          319   24.1931   18.8169   40.3219        1
          320   29.5694   18.8169   34.9456        1
          321   21.5050   21.5050    0.0000        1
          322   21.5050   26.8812    5.3762        1
          323   26.8812   26.8812    0.0000        1
          324   26.8812   21.5050    5.3762        1
          325   29.5694   24.1931    8.0644        1
          326   24.1931   24.1931    2.6881        1
          327   24.1931   29.5694    8.0644        1
          328   29.5694   29.5694    2.6881        1
          329   21.5050   21.5050   10.7525        1
          330   21.5050   26.8812   16.1288        1
          331   26.8812   26.8812   10.7525        1
          332   26.8812   21.5050   16.1288        1
          333   29.5694   24.1931   18.8169        1
          334   24.1931   24.1931   13.4406        1
          335   24.1931   29.5694   18.8169        1
          336   29.5694   29.5694   13.4406        1
          337   21.5050   21.5050   21.5050        1
          338   21.5050   26.8812   26.8812        1
          339   26.8812   26.8812   21.5050        1
          340   26.8812   21.5050   26.8812        1
          341   29.5694   24.1931   29.5694        1
          342   24.1931   24.1931   24.1931        1
          343   24.1931   29.5694   29.5694        1
          344   29.5694   29.5694   24.1931        1
          345   21.5050   21.5050   32.2575        1
          346   21.5050   26.8812   37.6337        1
          347   26.8812   26.8812   32.2575        1
          348   26.8812   21.5050   37.6337        1
          349   29.5694   24.1931   40.3219        1
          350   24.1931   24.1931   34.9456        1
          351   24.1931   29.5694   40.3219        1
          352   29.5694   29.5694   34.9456        1
          353   21.5050   32.2575    0.0000        1
          354   21.5050   37.6337    5.3762        1
          355   26.8812   37.6337    0.0000        1
          356   26.8812   32.2575    5.3762        1
          357   29.5694   34.9456    8.0644        1
          358   24.1931   34.9456    2.6881        1
          359   24.1931   40.3219    8.0644        1
          360   29.5694   40.3219    2.6881        1
          361   21.5050   32.2575   10.7525        1
          362   21.5050   37.6337   16.1288        1
          363   26.8812   37.6337   10.7525        1
          364   26.8812   32.2575   16.1288        1
          365   29.5694   34.9456   18.8169        1
          366   24.1931   34.9456   13.4406        1
          367   24.1931   40.3219   18.8169        1
          368   29.5694   40.3219   13.4406        1
          369   21.5050   32.2575   21.5050        1
          370   21.5050   37.6337   26.8812        1
          371   26.8812   37.6337   21.5050        1
          372   26.8812   32.2575   26.8812        1
          373   29.5694   34.9456   29.5694        1
          374   24.1931   34.9456   24.1931        1
          375   24.1931   40.3219   29.5694        1
          376   29.5694   40.3219   24.1931        1
          377   21.5050   32.2575   32.2575        1
          378   21.5050   37.6337   37.6337        1
          379   26.8812   37.6337   32.2575        1
          380   26.8812   32.2575   37.6337        1
          381   29.5694   34.9456   40.3219        1
          382   24.1931   34.9456   34.9456        1
          383   24.1931   40.3219   40.3219        1
          384   29.5694   40.3219   34.9456        1
          385   32.2575    0.0000    0.0000        1
          386   32.2575    5.3762    5.3762        1
          387   37.6337    5.3762    0.0000        1
          388   37.6337    0.0000    5.3762        1
          389   40.3219    2.6881    8.0644        1
          390   34.9456    2.6881    2.6881        1
          391   34.9456    8.0644    8.0644        1
          392   40.3219    8.0644    2.6881        1
          393   32.2575    0.0000   10.7525        1
          394   32.2575    5.3762   16.1288        1
          395   37.6337    5.3762   10.7525        1
          396   37.6337    0.0000   16.1288        1
          397   40.3219    2.6881   18.8169        1
          398   34.9456    2.6881   13.4406        1
          399   34.9456    8.0644   18.8169        1
          400   40.3219    8.0644   13.4406        1
          401   32.2575    0.0000   21.5050        1
          402   32.2575    5.3762   26.8812        1
          403   37.6337    5.3762   21.5050        1
          404   37.6337    0.0000   26.8812        1
          405   40.3219    2.6881   29.5694        1
          406   34.9456    2.6881   24.1931        1
          407   34.9456    8.0644   29.5694        1
          408   40.3219    8.0644   24.1931        1
          409   32.2575    0.0000   32.2575        1
          410   32.2575    5.3762   37.6337        1
          411   37.6337    5.3762   32.2575        1
          412   37.6337    0.0000   37.6337        1
          413   40.3219    2.6881   40.3219        1
          414   34.9456    2.6881   34.9456        1
          415   34.9456    8.0644   40.3219        1
          416   40.3219    8.0644   34.9456        1
          417   32.2575   10.7525    0.0000        1
          418   32.2575   16.1288    5.3762        1
          419   37.6337   16.1288    0.0000        1
          420   37.6337   10.7525    5.3762        1
          421   40.3219   13.4406    8.0644        1
          422   34.9456   13.4406    2.6881        1
          423   34.9456   18.8169    8.0644        1
          424   40.3219   18.8169    2.6881        1
          425   32.2575   10.7525   10.7525        1
          426   32.2575   16.1288   16.1288        1
          427   37.6337   16.1288   10.7525        1
          428   37.6337   10.7525   16.1288        1
          429   40.3219   13.4406   18.8169        1
          430   34.9456   13.4406   13.4406        1
          431   34.9456   18.8169   18.8169        1
          432   40.3219   18.8169   13.4406        1
          433   32.2575   10.7525   21.5050        1
          434   32.2575   16.1288   26.8812        1
          435   37.6337   16.1288   21.5050        1
          436   37.6337   10.7525   26.8812        1
          437   40.3219   13.4406   29.5694        1
          438   34.9456   13.4406   24.1931        1
          439   34.9456   18.8169   29.5694        1
          440   40.3219   18.8169   24.1931        1
          441   32.2575   10.7525   32.2575        1
          442   32.2575   16.1288   37.6337        1
          443   37.6337   16.1288   32.2575        1
          444   37.6337   10.7525   37.6337        1
          445   40.3219   13.4406   40.3219        1
          446   34.9456   13.4406   34.9456        1
          447   34.9456   18.8169   40.3219        1
          448   40.3219   18.8169   34.9456        1
          449   32.2575   21.5050    0.0000        1
          450   32.2575   26.8812    5.3762        1
          451   37.6337   26.8812    0.0000        1
          452   37.6337   21.5050    5.3762        1
          453   40.3219   24.1931    8.0644        1
          454   34.9456   24.1931    2.6881        1
          455   34.9456   29.5694    8.0644        1
          456   40.3219   29.5694    2.6881        1
          457   32.2575   21.5050   10.7525        1
          458   32.2575   26.8812   16.1288        1
          459   37.6337   26.8812   10.7525        1
          460   37.6337   21.5050   16.1288        1
          461   40.3219   24.1931   18.8169        1
          462   34.9456   24.1931   13.4406        1
          463   34.9456   29.5694   18.8169        1
          464   40.3219   29.5694   13.4406        1
          465   32.2575   21.5050   21.5050        1
          466   32.2575   26.8812   26.8812        1
          467   37.6337   26.8812   21.5050        1
          468   37.6337   21.5050   26.8812        1
          469   40.3219   24.1931   29.5694        1
          470   34.9456   24.1931   24.1931        1
          471   34.9456   29.5694   29.5694        1
          472   40.3219   29.5694   24.1931        1
          473   32.2575   21.5050   32.2575        1
          474   32.2575   26.8812   37.6337        1
          475   37.6337   26.8812   32.2575        1
          476   37.6337   21.5050   37.6337        1
          477   40.3219   24.1931   40.3219        1
          478   34.9456   24.1931   34.9456        1
          479   34.9456   29.5694   40.3219        1
          480   40.3219   29.5694   34.9456        1
          481   32.2575   32.2575    0.0000        1
          482   32.2575   37.6337    5.3762        1
          483   37.6337   37.6337    0.0000        1
          484   37.6337   32.2575    5.3762        1
          485   40.3219   34.9456    8.0644        1
          486   34.9456   34.9456    2.6881        1
          487   34.9456   40.3219    8.0644        1
          488   40.3219   40.3219    2.6881        1
          489   32.2575   32.2575   10.7525        1
          490   32.2575   37.6337   16.1288        1
          491   37.6337   37.6337   10.7525        1
          492   37.6337   32.2575   16.1288        1
          493   40.3219   34.9456   18.8169        1
          494   34.9456   34.9456   13.4406        1
          495   34.9456   40.3219   18.8169        1
          496   40.3219   40.3219   13.4406        1
          497   32.2575   32.2575   21.5050        1
          498   32.2575   37.6337   26.8812        1
          499   37.6337   37.6337   21.5050        1
          500   37.6337   32.2575   26.8812        1
          501   40.3219   34.9456   29.5694        1
          502   34.9456   34.9456   24.1931        1
          503   34.9456   40.3219   29.5694        1
          504   40.3219   40.3219   24.1931        1
          505   32.2575   32.2575   32.2575        1
          506   32.2575   37.6337   37.6337        1
          507   37.6337   37.6337   32.2575        1
          508   37.6337   32.2575   37.6337        1
          509   40.3219   34.9456   40.3219        1
          510   34.9456   34.9456   34.9456        1
          511   34.9456   40.3219   40.3219        1
          512   40.3219   40.3219   34.9456        1
        Number of processor groups for k-point parallelisation:     1
        Block size (row, col):    32   32
        Proc grid (row, col):     8    8

        Using Monkhorst-Pack Kpoint mesh



         Monkhorst-Pack mesh:   3 x   3 x   3
         Number of k-points:   27
         Monkhorst-Pack mesh shift:     0.000000   0.000000   0.000000
          14 symmetry inequivalent Kpoints
          Value of kT used for smearing:   0.001000Ha
          Partitioning method:  1
          Partitioning using Hilbert curves
          ---------------------------------

          checking if total number of partitions >= number of procs...           PASS
          checking if number of occupied partitions >= number of procs...           PASS
          checking if total N atoms in partitions == N atoms in cell...           PASS
          checking if total N support fns in partitions == N sf in cell...           PASS
          checking if atoms are correctly assigned to partitions...           PASS

          Detected system type: bulk


    This calculation includes non-local pseudopotentials,
    with a maximum core radius of      7.09479220
        Matrix S   has range     14.63534722
        Matrix L   has range      1.00000000
        Matrix H   has range     14.63534722
        Matrix AP  has range     14.41246582
        Matrix LS  has range     15.63534722
        Matrix LH  has range     15.63534722
        Matrix LSL has range     16.63534722
        Matrix SLS has range     30.27069444
        Matrix T   has range     14.18958441
        Matrix TS  has range     28.82493163
        Matrix TH  has range     28.82493163
        Matrix TL  has range     15.18958441
        Matrix PA  has range     14.41246582
        Matrix LT  has range      1.00000000
        Matrix SL  has range     15.63534722
        Matrix TT  has range     14.18958441
        Matrix HL  has range     15.63534722
        Matrix X   has range      2.00000000
        Matrix SX  has range      2.00000000

    This job was run on  2026/03/06 at 15:54 -0000
    Code was compiled on 2026/03/06 at 13:31 +0000
    Version comment: Git Branch: master; tag, hash: v1.5

    Job title: Bulk Ge 512 atoms static                                                        
    Job to be run: static calculation

    Ground state search:
      Support functions represented with PAO basis
      1:1 PAO to SF mapping
      Non-spin-polarised electrons
      Solving for the K matrix using diagonalisation 
      Using Fermi-Dirac smearing

    Integration grid size:    288 x  288 x  288
    Integration grid blocks:    4 x    4 x    4

    Integration grid spacing:  0.149 a0 x 0.149 a0 x 0.149 a0

    Number of species:  1
    --------------------------------------------------------
    |   #  mass (au)  Charge (e)  SF Rad (a0)  NSF  Label  |
    --------------------------------------------------------
    |   1     28.085      14.000        7.318   18  Ge_DZP_|
    --------------------------------------------------------
          SCF tolerance:                 0.00000000
          SCF iterations:                50
    Hamann (ONCVPSP) pseudopotential will be used. 

    The calculation will be performed on    64 processes

    Using the default matrix multiplication kernel

    The functional used will be GGA PBE96      


           radial cut-off to be used is taken to be max PAO cut-off radius for this species:    7.094792

           greatest ang. mom. for making density from PAOs:  2
    Minimum blocs/proc is     5832. Maximum blocs/proc is     5832
    set_atom_dens: In set_atomic_density, electrons :    7168.000000000001
 matrix_size & matrix_size_padH =         9216        9216

    Screened ion int: energy:  -35894.489617963976 Ha

    new_SC_potl: Starting.  Tolerance:  0.10000E-08

    PulayMixSC: Starting Pulay mixing, A_up =  0.500 A_dn =  0.500
    PulayMixSC: Spin non-polarised calculation.
          Harris-Foulkes Energy            :    -45726.488205306879536 Ha
          GroundState Energy (E-(1/2)TS)   :    -45726.488364750206529 Ha
          Free Energy (E-TS)               :    -45726.488524193526246 Ha
          DFT Total Energy                 :    -45725.216081024242158 Ha
          Total number of electrons        :      7167.999999999919964
    PulayMixSC: Pulay iteration     1 residual:              0.14016E-03
          Harris-Foulkes Energy            :    -45725.629026366397738 Ha
          GroundState Energy (E-(1/2)TS)   :    -45725.629207605277770 Ha
          Free Energy (E-TS)               :    -45725.629388844165078 Ha
          DFT Total Energy                 :    -45725.432493613268889 Ha
          Total number of electrons        :      7168.003988442547779
    PulayMixSC: Pulay iteration     2 residual:              0.60654E-04
          Harris-Foulkes Energy            :    -45725.467411289355368 Ha
          GroundState Energy (E-(1/2)TS)   :    -45725.467626333709632 Ha
          Free Energy (E-TS)               :    -45725.467841378056619 Ha
          DFT Total Energy                 :    -45725.466182757052593 Ha
          Total number of electrons        :      7168.007433518043399
    PulayMixSC: Pulay iteration     3 residual:              0.73091E-05
          Harris-Foulkes Energy            :    -45725.466681492398493 Ha
          GroundState Energy (E-(1/2)TS)   :    -45725.466898942708212 Ha
          Free Energy (E-TS)               :    -45725.467116393017932 Ha
          DFT Total Energy                 :    -45725.466651432412618 Ha
          Total number of electrons        :      7168.007957883948620
    PulayMixSC: Pulay iteration     4 residual:              0.70821E-06
          Harris-Foulkes Energy            :    -45725.466660980964662 Ha
          GroundState Energy (E-(1/2)TS)   :    -45725.466877158054558 Ha
          Free Energy (E-TS)               :    -45725.467093335144455 Ha
          DFT Total Energy                 :    -45725.466660780497477 Ha
          Total number of electrons        :      7168.008013380143893
    PulayMixSC: Pulay iteration     5 residual:              0.12035E-06
          Harris-Foulkes Energy            :    -45725.466660744277760 Ha
          GroundState Energy (E-(1/2)TS)   :    -45725.466876956110355 Ha
          Free Energy (E-TS)               :    -45725.467093167935673 Ha
          DFT Total Energy                 :    -45725.466660756443162 Ha
          Total number of electrons        :      7168.008004735354916
    PulayMixSC: Pulay iteration     6 residual:              0.63726E-08
          Harris-Foulkes Energy            :    -45725.466661040234612 Ha
          GroundState Energy (E-(1/2)TS)   :    -45725.466877247607044 Ha
          Free Energy (E-TS)               :    -45725.467093454986752 Ha
          DFT Total Energy                 :    -45725.466661039994506 Ha
          Total number of electrons        :      7168.008002122661310
    PulayMixSC: Pulay iteration     7 residual:              0.10389E-09
    PulayMixSC: Reached SCF tolerance of  0.10389E-09 after      7 iterations
      | Number of electrons      =      7168.008002
      |* band energy as 2Tr[K.H] =     -6220.402341842110218 Ha
      |  screened ion-ion energy =    -35894.489617963976343 Ha
      |  Ha correction           =       109.178230510672648 Ha
      |  XC correction           =     -3719.752932974231044 Ha
      | GS Energy as E-(1/2)TS   =    -45725.466877247607044 Ha
      | Free Energy as E-TS      =    -45725.467093454986752 Ha
      |* Harris-Foulkes energy   =    -45725.466661040234612 Ha
      |* DFT total energy        =    -45725.466661039994506 Ha
      |  estimated accuracy      =        -0.000000000240107 Ha

    force: Maximum force :        0.00000000(Ha/a0) on atom        13 in z direction
    force: Force Residual:        0.00000000 Ha/a0
    force: Total stress:         -2.83682971    -2.83682971    -2.83682971 GPa
    force: Average pressure:      2.83682971 GPa

    force: Finished force
    get_E_and_F: Change in energy during last step of electronic optimisation: -0.29596E-06

    BIBLIOGRAPHY: Please consider citing the following references in the conquest.bib file

    CONQUEST:         Bowler2002pt, Miyazaki2004, Nakata2020
    Basis:            Bowler2019
    DM:               Bowler:2006xr
    Pseudopotentials: Hamann2013, Bowler2019
    XC functional:    Perdew1996

    Max total mem use is           1990.050 MB

    Total run time was:            3309.003 seconds
