# Spin 1
# Original Fermi-level:     -8.01070 eV
# Bands shifted relative to Fermi-level
# Band     12
   1     -4.237972498163
   2     -4.240166413440
   3     -4.246737242062
   4     -4.257652322203
   5     -4.272857541300
   6     -4.292277774160
   7     -4.315817457114
   8     -4.343361170350
   9     -4.374774236552
  10     -4.409903202554
  11     -4.448576193076
  12     -4.490603074002
  13     -4.535775422440
  14     -4.583866295433
  15     -4.634629906136
  16     -4.687801229254
  17     -4.743095701718
  18     -4.800209143771
  19     -4.858818028360
  20     -4.918580259382
  21     -4.979136494158
  22     -5.040112157074
  23     -5.101120021945
  24     -5.161763393021
  25     -5.221639748596
  26     -5.280344702983
  27     -5.337476118157
  28     -5.392638275256
  29     -5.445445904595
  30     -5.495528006134
  31     -5.542531395133
  32     -5.586123885874
  33     -5.625997140701
  34     -5.661869162578
  35     -5.693486447512
  36     -5.720625813157
  37     -5.743095938978
  38     -5.760738623421
  39     -5.773429809775
  40     -5.781080331772
  41     -5.783636487740
  42     -5.783728772435
  43     -5.784005033310
  44     -5.784463501626
  45     -5.785101322909
  46     -5.785914690285
  47     -5.786899021357
  48     -5.788049200385
  49     -5.789359839514
  50     -5.790825621639
  51     -5.792441640547
  52     -5.794203830858
  53     -5.796109408846
  54     -5.798157389460
  55     -5.800349168642
  56     -5.802689173687
  57     -5.805185630596
  58     -5.807851475662
  59     -5.810705427597
  60     -5.813773285516
  61     -5.817089518082
  62     -5.820699165582
  63     -5.824660098469
  64     -5.829045569795
  65     -5.833946898251
  66     -5.839475704941
  67     -5.845764664421
  68     -5.852964642057
  69     -5.861234821736
  70     -5.870721211592
  71     -5.881519182091
  72     -5.893620417433
  73     -5.922310932763
  74     -5.948088523642
  75     -5.970502003521
  76     -5.989520348700
  77     -6.005117145084
  78     -6.017270661662
  79     -6.025963921250
  80     -6.031184757637
  81     -6.032925850960
  82     -6.029475411837
  83     -6.019507606303
  84     -6.004096807906
  85     -5.984557010937
  86     -5.961687027404
  87     -5.935597651185
  88     -5.906134131128
  89     -5.873175088124
  90     -5.836695327152
  91     -5.796748685938
  92     -5.753443909344
  93     -5.706927378301
  94     -5.657371765379
  95     -5.604968339411
  96     -5.549921419810
  97     -5.492444283977
  98     -5.432756389019
  99     -5.371082043834
 100     -5.307650732925
 101     -5.242699361339
 102     -5.176476385357
 103     -5.109247681990
 104     -5.041303672919
 105     -4.972967003547
 106     -4.904599925452
 107     -4.836610457039
 108     -4.769456418994
 109     -4.703646637024
 110     -4.639738786717
 111     -4.578333573024
 112     -4.520065320566
 113     -4.465589143460
 114     -4.415565238911
 115     -4.370640933140
 116     -4.331431353134
 117     -4.298499616756
 118     -4.272337656886
 119     -4.253348653745
 120     -4.241832109455
 121     -4.237972498163
&
# Band     13
   1     -4.237972498163
   2     -4.238081542351
   3     -4.238407314343
   4     -4.238945737875
   5     -4.239690026426
   6     -4.240630704993
   7     -4.241755637297
   8     -4.243050069324
   9     -4.244496670143
  10     -4.246075610817
  11     -4.247764654201
  12     -4.249539263788
  13     -4.251372750651
  14     -4.253236444874
  15     -4.255099926848
  16     -4.256931264012
  17     -4.258697353714
  18     -4.260364274241
  19     -4.261897736525
  20     -4.263263603883
  21     -4.264428485223
  22     -4.265360434377
  23     -4.266029763724
  24     -4.266409942161
  25     -4.266478659074
  26     -4.266218997144
  27     -4.265620746659
  28     -4.264681861323
  29     -4.263410006582
  30     -4.261824186870
  31     -4.259956307536
  32     -4.257852578956
  33     -4.255574477093
  34     -4.253198931257
  35     -4.250817330888
  36     -4.248532853397
  37     -4.246455672245
  38     -4.244695922796
  39     -4.243354670858
  40     -4.242513953318
  41     -4.242227477288
  42     -4.243370809931
  43     -4.246824707620
  44     -4.252660382553
  45     -4.260994840968
  46     -4.271988034114
  47     -4.285838284013
  48     -4.367906945322
  49     -4.453721765490
  50     -4.538777183903
  51     -4.622804368394
  52     -4.705578479442
  53     -4.786905780145
  54     -4.866615374832
  55     -4.944553772241
  56     -5.020581173874
  57     -5.094568886203
  58     -5.166397470291
  59     -5.235955402994
  60     -5.303138061975
  61     -5.367846996438
  62     -5.429989339367
  63     -5.489477388463
  64     -5.546228260567
  65     -5.600163668520
  66     -5.651209722525
  67     -5.699296815856
  68     -5.744359545947
  69     -5.786336679017
  70     -5.825171147346
  71     -5.860810065606
  72     -5.893204782560
  73     -5.906855094079
  74     -5.920852671865
  75     -5.935047023347
  76     -5.948734154593
  77     -5.961163627279
  78     -5.971630748140
  79     -5.979545283168
  80     -5.984470876016
  81     -5.986142310912
  82     -5.982755309694
  83     -5.972244620682
  84     -5.953636957905
  85     -5.925785595461
  86     -5.888123450786
  87     -5.840833618411
  88     -5.784424085934
  89     -5.719425676745
  90     -5.646325839289
  91     -5.565582184721
  92     -5.477642941713
  93     -5.382960570309
  94     -5.281999519886
  95     -5.177240894689
  96     -5.115950665429
  97     -5.053137218972
  98     -4.989368424289
  99     -4.925247908837
 100     -4.861408119648
 101     -4.798499841511
 102     -4.737177687852
 103     -4.678081463667
 104     -4.621813971903
 105     -4.568916664721
 106     -4.519845395423
 107     -4.474949169081
 108     -4.434454830695
 109     -4.398460145332
 110     -4.366936440355
 111     -4.339740548498
 112     -4.316634312990
 113     -4.297309099570
 114     -4.281412373846
 115     -4.268573786135
 116     -4.258428845362
 117     -4.250639058213
 118     -4.244908103579
 119     -4.240994151149
 120     -4.238718713281
 121     -4.237972498163
&
# Band     14
   1     -4.237972498163
   2     -4.238081542351
   3     -4.238407314343
   4     -4.238945737875
   5     -4.239690026426
   6     -4.240630704993
   7     -4.241755637297
   8     -4.243050069324
   9     -4.244496670143
  10     -4.246075610817
  11     -4.247764654201
  12     -4.249539263788
  13     -4.251372750651
  14     -4.253236444874
  15     -4.255099926848
  16     -4.256931264012
  17     -4.258697353714
  18     -4.260364274241
  19     -4.261897736525
  20     -4.263263603883
  21     -4.264428485223
  22     -4.265360434377
  23     -4.266029763724
  24     -4.266409942161
  25     -4.266478659074
  26     -4.266218997144
  27     -4.265620746659
  28     -4.264681861323
  29     -4.263410006582
  30     -4.261824186870
  31     -4.259956307536
  32     -4.257852578956
  33     -4.255574477093
  34     -4.253198931257
  35     -4.250817330888
  36     -4.248532853397
  37     -4.246455672245
  38     -4.244695922796
  39     -4.243354670858
  40     -4.242513953318
  41     -4.242227477288
  42     -4.242222704411
  43     -4.242208510952
  44     -4.242185275149
  45     -4.242153622865
  46     -4.242114408537
  47     -4.281666617989
  48     -4.302775418033
  49     -4.323051024485
  50     -4.346925290479
  51     -4.374650242430
  52     -4.406449576978
  53     -4.442496195271
  54     -4.482889203898
  55     -4.527632967565
  56     -4.576621032609
  57     -4.629627321392
  58     -4.686305952708
  59     -4.746199514042
  60     -4.808754172055
  61     -4.873338976339
  62     -4.939266477486
  63     -5.005812071660
  64     -5.072230417230
  65     -5.137768169695
  66     -5.201673377777
  67     -5.263203010090
  68     -5.321631202912
  69     -5.376262343420
  70     -5.426454267392
  71     -5.471656355155
  72     -5.511462610107
  73     -5.545669208083
  74     -5.574313281741
  75     -5.597667404812
  76     -5.616181525728
  77     -5.630391297902
  78     -5.640825759658
  79     -5.647938524802
  80     -5.652068358763
  81     -5.653421904805
  82     -5.650727670100
  83     -5.642660778523
  84     -5.629268749316
  85     -5.610631012515
  86     -5.586859259976
  87     -5.558097975994
  88     -5.524525103987
  89     -5.486352925419
  90     -5.443829101998
  91     -5.397237883864
  92     -5.346901470153
  93     -5.293181394061
  94     -5.236479877969
  95     -5.175240615635
  96     -5.063183719834
  97     -4.946349658411
  98     -4.825281791042
  99     -4.700547450637
 100     -4.572739151519
 101     -4.442475479243
 102     -4.310401340937
 103     -4.277677379818
 104     -4.275755899496
 105     -4.273522788939
 106     -4.271022394543
 107     -4.268303087267
 108     -4.265416870792
 109     -4.262418886269
 110     -4.259366723878
 111     -4.256319562939
 112     -4.253337124281
 113     -4.250478494709
 114     -4.247800848065
 115     -4.245358185346
 116     -4.243200093859
 117     -4.241370590742
 118     -4.239907137912
 119     -4.238839774016
 120     -4.238190436875
 121     -4.237972498163
&
# Band     15
   1     -2.502445411012
   2     -2.504789443342
   3     -2.511800293681
   4     -2.523413378527
   5     -2.539518720342
   6     -2.559958580162
   7     -2.584526118801
   8     -2.612966319312
   9     -2.644979831959
  10     -2.680229869580
  11     -2.718351426806
  12     -2.758961821754
  13     -2.801671289413
  14     -2.846092625367
  15     -2.891849177774
  16     -2.938580863804
  17     -2.985948210533
  18     -3.033634627090
  19     -3.081347231884
  20     -3.128816564167
  21     -3.175795501014
  22     -3.222057605598
  23     -3.267395143477
  24     -3.311616864866
  25     -3.354545664460
  26     -3.396016156897
  27     -3.435872227734
  28     -3.482132764942
  29     -3.533079826646
  30     -3.580052172895
  31     -3.623010905014
  32     -3.661927391181
  33     -3.696780803803
  34     -3.727556154848
  35     -3.754242750241
  36     -3.776833011610
  37     -3.795321610967
  38     -3.809704836679
  39     -3.819980166250
  40     -3.826145969718
  41     -3.828201335502
  42     -3.871025953584
  43     -3.944775424786
  44     -4.025728405662
  45     -4.109818546415
  46     -4.195435942535
  47     -4.242068715177
  48     -4.242017827164
  49     -4.241963213913
  50     -4.241906499942
  51     -4.241849440387
  52     -4.241793882900
  53     -4.241741745884
  54     -4.241694961348
  55     -4.241655444973
  56     -4.241625058019
  57     -4.241605547455
  58     -4.241598510590
  59     -4.241605343369
  60     -4.241627202276
  61     -4.241664947189
  62     -4.241719111453
  63     -4.241789855615
  64     -4.241876945656
  65     -4.241979717618
  66     -4.242097069442
  67     -4.242227458240
  68     -4.242368911188
  69     -4.242519033684
  70     -4.242675074656
  71     -4.242833951054
  72     -4.242992348532
  73     -4.243146778590
  74     -4.243293692863
  75     -4.243429594688
  76     -4.243551134344
  77     -4.243655239665
  78     -4.243739216723
  79     -4.243800858676
  80     -4.243838521955
  81     -4.243851188855
  82     -4.244203306911
  83     -4.245242621310
  84     -4.246919509368
  85     -4.249156013185
  86     -4.251852144523
  87     -4.254893299909
  88     -4.258157844448
  89     -4.261524045282
  90     -4.264875848573
  91     -4.268107225153
  92     -4.271125106640
  93     -4.273851007235
  94     -4.276221614204
  95     -4.278188548426
  96     -4.279717575254
  97     -4.280787453482
  98     -4.281388601979
  99     -4.281521730964
 100     -4.281196489594
 101     -4.280430290435
 102     -4.279247253658
 103     -4.177187393862
 104     -4.043528385521
 105     -3.910140399863
 106     -3.777757355182
 107     -3.647127736024
 108     -3.519013093843
 109     -3.394190509634
 110     -3.273460849861
 111     -3.157663585783
 112     -3.047696665928
 113     -2.944537055244
 114     -2.849255260544
 115     -2.763015896494
 116     -2.687057260755
 117     -2.622645708644
 118     -2.571005480420
 119     -2.533230476521
 120     -2.510190157875
 121     -2.502445411012
&
# Band     16
   1     -2.502445411012
   2     -2.504789443342
   3     -2.511800293681
   4     -2.523413378527
   5     -2.539518720342
   6     -2.559958580162
   7     -2.584526118801
   8     -2.612966319312
   9     -2.644979831959
  10     -2.680229869580
  11     -2.718351426806
  12     -2.758961821754
  13     -2.801671289413
  14     -2.846092625367
  15     -2.891849177774
  16     -2.938580863804
  17     -2.985948210533
  18     -3.033634627090
  19     -3.081347231884
  20     -3.128816564167
  21     -3.175795501014
  22     -3.222057605598
  23     -3.267395143477
  24     -3.311616864866
  25     -3.354545664460
  26     -3.396016156897
  27     -3.435872227734
  28     -3.473964540884
  29     -3.510148056939
  30     -3.544279611355
  31     -3.576215596042
  32     -3.605809932116
  33     -3.632912543342
  34     -3.657368648633
  35     -3.679019298123
  36     -3.697703645306
  37     -3.713263363456
  38     -3.725549380436
  39     -3.734430632605
  40     -3.739803811937
  41     -3.741602517207
  42     -3.742429547420
  43     -3.744904507333
  44     -3.749009048310
  45     -3.754712816049
  46     -3.761973760796
  47     -3.770738564560
  48     -3.780943217998
  49     -3.792513657160
  50     -3.805366539012
  51     -3.819410060502
  52     -3.834544881022
  53     -3.850665061205
  54     -3.867659072464
  55     -3.885410790209
  56     -3.903800506111
  57     -3.922705934922
  58     -3.942003172316
  59     -3.961567633685
  60     -3.981274938503
  61     -4.001001743001
  62     -4.020626504801
  63     -4.040030212185
  64     -4.059097020842
  65     -4.077714841629
  66     -4.095775876641
  67     -4.113177081802
  68     -4.129820580476
  69     -4.145614033548
  70     -4.160470944183
  71     -4.174310943553
  72     -4.187060016689
  73     -4.198650701122
  74     -4.209022252875
  75     -4.218120798846
  76     -4.225899437490
  77     -4.232318334060
  78     -4.237344807680
  79     -4.240953380330
  80     -4.243125823102
  81     -4.243851188855
  82     -4.242021176886
  83     -4.236534460768
  84     -4.227401010752
  85     -4.214637526466
  86     -4.198267526711
  87     -4.178321529057
  88     -4.154837251205
  89     -4.127859883105
  90     -4.097442429815
  91     -4.063646136002
  92     -4.026540981187
  93     -3.986206297444
  94     -3.942731501390
  95     -3.896216937730
  96     -3.846774926902
  97     -3.794530946051
  98     -3.739625060342
  99     -3.682213571978
 100     -3.622470973971
 101     -3.560592225018
 102     -3.496795391723
 103     -3.431324728931
 104     -3.364454219922
 105     -3.296491644522
 106     -3.227783164215
 107     -3.158718426999
 108     -3.089736085860
 109     -3.021329556697
 110     -2.954052607543
 111     -2.888524207631
 112     -2.825431605007
 113     -2.765530340129
 114     -2.709639219931
 115     -2.658628137999
 116     -2.613396335403
 117     -2.574839396000
 118     -2.543804731331
 119     -2.521037979633
 120     -2.507126025194
 121     -2.502445411012
&
# Band     17
   1     -2.502445411012
   2     -2.503959074291
   3     -2.508484485613
   4     -2.515975287658
   5     -2.526355408276
   6     -2.539520804734
   7     -2.555341746747
   8     -2.573665559393
   9     -2.594319692551
  10     -2.617114945455
  11     -2.641848802807
  12     -2.668308659325
  13     -2.696274943616
  14     -2.725524005298
  15     -2.755830721852
  16     -2.786970819757
  17     -2.818722885407
  18     -2.850870044055
  19     -2.883201382970
  20     -2.942344274682
  21     -3.021244964661
  22     -3.097311098981
  23     -3.170275135295
  24     -3.239915722583
  25     -3.306052307857
  26     -3.368539748304
  27     -3.427263113915
  28     -3.473964540884
  29     -3.510148056939
  30     -3.544279611355
  31     -3.576215596042
  32     -3.605809932116
  33     -3.632912543342
  34     -3.657368648633
  35     -3.679019298123
  36     -3.697703645306
  37     -3.713263363456
  38     -3.725549380436
  39     -3.734430632605
  40     -3.739803811937
  41     -3.741602517207
  42     -3.707109369730
  43     -3.658182190162
  44     -3.617258709171
  45     -3.585259362772
  46     -3.559729828166
  47     -3.538021134070
  48     -3.518201157786
  49     -3.499052924499
  50     -3.479857405987
  51     -3.460207675019
  52     -3.439888358918
  53     -3.418803322577
  54     -3.396932769714
  55     -3.374307468243
  56     -3.350992807123
  57     -3.327078589373
  58     -3.302672245542
  59     -3.277894088054
  60     -3.252873863519
  61     -3.227748107786
  62     -3.202657998969
  63     -3.177747585982
  64     -3.153162223885
  65     -3.129047191548
  66     -3.105546404548
  67     -3.082801245085
  68     -3.060949451751
  69     -3.040124080062
  70     -3.020452533726
  71     -3.037295064641
  72     -3.058588695303
  73     -3.077755437775
  74     -3.094755076349
  75     -3.109553313793
  76     -3.122121333251
  77     -3.132435411836
  78     -3.140476596817
  79     -3.146230436227
  80     -3.149686766615
  81     -3.150839541609
  82     -3.148535918187
  83     -3.141651998078
  84     -3.130267080704
  85     -3.114508398342
  86     -3.094544566345
  87     -3.070577740822
  88     -3.042835553179
  89     -3.031561677308
  90     -3.055412329261
  91     -3.078192536990
  92     -3.098915572099
  93     -3.116616878030
  94     -3.130374854120
  95     -3.139329514445
  96     -3.142698991530
  97     -3.139793876747
  98     -3.130029351151
  99     -3.112935063214
 100     -3.088162750732
 101     -3.055491830047
 102     -3.014833349859
 103     -2.966232946384
 104     -2.909873730481
 105     -2.846079931256
 106     -2.775322039015
 107     -2.698223477498
 108     -2.615568244832
 109     -2.528308110943
 110     -2.498750681671
 111     -2.496586274422
 112     -2.496534240809
 113     -2.497473738402
 114     -2.498717921884
 115     -2.499898659298
 116     -2.500854388482
 117     -2.501546257020
 118     -2.502000319813
 119     -2.502268803674
 120     -2.502404629307
 121     -2.502445411012
&
# Band     18
   1     -1.700711626250
   2     -1.706359205198
   3     -1.723171498821
   4     -1.750766913690
   5     -1.788540186945
   6     -1.835702996569
   7     -1.891331483355
   8     -1.954414619138
   9     -2.023898542313
  10     -2.098723902738
  11     -2.177855035061
  12     -2.260301205370
  13     -2.345130910778
  14     -2.431480663257
  15     -2.518559580200
  16     -2.605651011658
  17     -2.692112069591
  18     -2.777371750273
  19     -2.860928039007
  20     -2.915513064379
  21     -2.947609212563
  22     -2.979302594137
  23     -3.010415102418
  24     -3.040778092119
  25     -3.070232597044
  26     -3.098629425327
  27     -3.125829205691
  28     -3.151702349352
  29     -3.176128987434
  30     -3.198998851237
  31     -3.220211166115
  32     -3.239674509973
  33     -3.257306674493
  34     -3.273034531798
  35     -3.286793898389
  36     -3.298529418145
  37     -3.308194453472
  38     -3.315750973735
  39     -3.321169495399
  40     -3.324429000389
  41     -3.325516900718
  42     -3.316096740654
  43     -3.288019613503
  44     -3.242602691848
  45     -3.183047449676
  46     -3.113495030000
  47     -3.037605829554
  48     -2.958032452343
  49     -2.876561897300
  50     -2.794398273696
  51     -2.712382933098
  52     -2.631133799824
  53     -2.551128147977
  54     -2.563982091074
  55     -2.609586548159
  56     -2.652152870322
  57     -2.691264138312
  58     -2.726663226300
  59     -2.758241032955
  60     -2.786017177686
  61     -2.810116043739
  62     -2.830741229425
  63     -2.848151074201
  64     -2.862637055549
  65     -2.874506104297
  66     -2.900813040990
  67     -2.931892555465
  68     -2.961154594257
  69     -2.988520625304
  70     -3.013921177940
  71     -3.002055636739
  72     -2.985046781669
  73     -2.969531124196
  74     -2.955604856568
  75     -2.943354521879
  76     -2.932856407248
  77     -2.924176018646
  78     -2.917367596528
  79     -2.912473740319
  80     -2.909525103645
  81     -2.908540165759
  82     -2.910909036642
  83     -2.917923740114
  84     -2.929312271160
  85     -2.944633296474
  86     -2.963293134363
  87     -2.984567504806
  88     -3.007626577540
  89     -3.011563488216
  90     -2.977018339780
  91     -2.939462907276
  92     -2.899162041845
  93     -2.856379829987
  94     -2.842698045778
  95     -2.829141820347
  96     -2.813714496475
  97     -2.796270923186
  98     -2.776682151165
  99     -2.754851392233
 100     -2.730738604835
 101     -2.704398072965
 102     -2.676035174560
 103     -2.646089765346
 104     -2.615350349658
 105     -2.585081620198
 106     -2.557078156991
 107     -2.533431413559
 108     -2.515810092776
 109     -2.504594286002
 110     -2.437567885685
 111     -2.344647829763
 112     -2.251023747257
 113     -2.158346865886
 114     -2.068445858821
 115     -1.983331035231
 116     -1.905194315799
 117     -1.836387950694
 118     -1.779353051585
 119     -1.736464508516
 120     -1.709777387943
 121     -1.700711626250
&
# Band     19
   1     -1.700711626250
   2     -1.702118316129
   3     -1.706275628147
   4     -1.713003259660
   5     -1.722025532116
   6     -1.733002814764
   7     -1.745566023249
   8     -1.759348190261
   9     -1.774009053744
  10     -1.789250736099
  11     -1.804824840908
  12     -1.820532526412
  13     -1.836219893174
  14     -1.851770832930
  15     -1.867099120963
  16     -1.882140908476
  17     -1.896848300709
  18     -1.911184227589
  19     -1.925118593325
  20     -1.938625557985
  21     -1.951681708890
  22     -1.964264934071
  23     -1.976353790953
  24     -1.987927215204
  25     -1.998964463584
  26     -2.009445176533
  27     -2.019349525115
  28     -2.028658377004
  29     -2.037353478802
  30     -2.045417611145
  31     -2.052834724757
  32     -2.059590035692
  33     -2.065670120573
  34     -2.071062957410
  35     -2.075757958252
  36     -2.079745980074
  37     -2.083019316611
  38     -2.085571703803
  39     -2.087398287138
  40     -2.088495610769
  41     -2.088861617517
  42     -2.092973652509
  43     -2.105189981130
  44     -2.125157663538
  45     -2.152308983144
  46     -2.185889735569
  47     -2.224994497316
  48     -2.268605935346
  49     -2.315635654081
  50     -2.364964849223
  51     -2.415483731605
  52     -2.466128986384
  53     -2.515918494774
  54     -2.472750969690
  55     -2.473766283647
  56     -2.515935159027
  57     -2.558090129389
  58     -2.599966743599
  59     -2.641326322426
  60     -2.681953955786
  61     -2.721656448282
  62     -2.760260357258
  63     -2.797610128828
  64     -2.833566416204
  65     -2.868004531374
  66     -2.884066949948
  67     -2.891620253825
  68     -2.897451917800
  69     -2.901828891010
  70     -2.904996813359
  71     -2.907179000529
  72     -2.908576231730
  73     -2.909367119780
  74     -2.909708747847
  75     -2.909737428648
  76     -2.909569504464
  77     -2.909302081847
  78     -2.909013695577
  79     -2.908764852895
  80     -2.908598468875
  81     -2.908540165759
  82     -2.908251896499
  83     -2.907379553886
  84     -2.905900612335
  85     -2.903777710612
  86     -2.900958923951
  87     -2.897378128684
  88     -2.892955456672
  89     -2.887597836811
  90     -2.881199634501
  91     -2.873643408120
  92     -2.864800885917
  93     -2.854534263990
  94     -2.811377800334
  95     -2.764413884172
  96     -2.715741936521
  97     -2.665611692597
  98     -2.614269001831
  99     -2.561956298624
 100     -2.508913258143
 101     -2.455377656201
 102     -2.401586422334
 103     -2.347776948676
 104     -2.294188670932
 105     -2.241065000393
 106     -2.192519302689
 107     -2.189227375332
 108     -2.173739087071
 109     -2.146262760112
 110     -2.108653876282
 111     -2.063651465670
 112     -2.014071278146
 113     -1.962454726548
 114     -1.911040072551
 115     -1.861827557111
 116     -1.816631719803
 117     -1.777095684799
 118     -1.744670910148
 119     -1.720573018263
 120     -1.705726486050
 121     -1.700711626250
&
# Band     20
   1     -1.700711626250
   2     -1.702118316129
   3     -1.706275628147
   4     -1.713003259660
   5     -1.722025532116
   6     -1.733002814764
   7     -1.745566023249
   8     -1.759348190261
   9     -1.774009053744
  10     -1.789250736099
  11     -1.804824840908
  12     -1.820532526412
  13     -1.836219893174
  14     -1.851770832930
  15     -1.867099120963
  16     -1.882140908476
  17     -1.896848300709
  18     -1.911184227589
  19     -1.925118593325
  20     -1.938625557985
  21     -1.951681708890
  22     -1.964264934071
  23     -1.976353790953
  24     -1.987927215204
  25     -1.998964463584
  26     -2.009445176533
  27     -2.019349525115
  28     -2.028658377004
  29     -2.037353478802
  30     -2.045417611145
  31     -2.052834724757
  32     -2.059590035692
  33     -2.065670120573
  34     -2.071062957410
  35     -2.075757958252
  36     -2.079745980074
  37     -2.083019316611
  38     -2.085571703803
  39     -2.087398287138
  40     -2.088495610769
  41     -2.088861617517
  42     -2.091462209679
  43     -2.099208319832
  44     -2.111936886467
  45     -2.129388672152
  46     -2.151224949553
  47     -2.177047314047
  48     -2.206418108585
  49     -2.238879490713
  50     -2.273969718586
  51     -2.311236054603
  52     -2.350244180556
  53     -2.390584469843
  54     -2.431875622920
  55     -2.396323299453
  56     -2.322118777685
  57     -2.250373294449
  58     -2.181290491594
  59     -2.115044788662
  60     -2.051783015572
  61     -1.991625253449
  62     -1.934665414227
  63     -1.880971806651
  64     -1.830587919955
  65     -1.783533566752
  66     -1.739806420467
  67     -1.699383988168
  68     -1.662225967073
  69     -1.628276952076
  70     -1.597469388193
  71     -1.569726675371
  72     -1.544966330456
  73     -1.523103111062
  74     -1.504052016981
  75     -1.487731087518
  76     -1.474063962083
  77     -1.462982130569
  78     -1.454426870804
  79     -1.448350854025
  80     -1.444719372110
  81     -1.443511251878
  82     -1.445923851458
  83     -1.453132297278
  84     -1.465049033980
  85     -1.481529770470
  86     -1.502375860909
  87     -1.527337450350
  88     -1.556117295218
  89     -1.588375027333
  90     -1.623731698213
  91     -1.661774451265
  92     -1.702061044325
  93     -1.744124097346
  94     -1.787474817644
  95     -1.831605968656
  96     -1.875993714875
  97     -1.920097899404
  98     -1.963359913304
  99     -2.005196850592
 100     -2.044989750196
 101     -2.082062281280
 102     -2.115644271823
 103     -2.144812831340
 104     -2.168406322090
 105     -2.184927304220
 106     -2.188655571593
 107     -2.137218865488
 108     -2.087025115632
 109     -2.038359415715
 110     -1.991524764521
 111     -1.946844776180
 112     -1.904665467954
 113     -1.865355513308
 114     -1.829304105811
 115     -1.796915462439
 116     -1.768599228839
 117     -1.744756217843
 118     -1.725759758783
 119     -1.711933917497
 120     -1.703530997956
 121     -1.700711626250
&
# Band     21
   1      0.409075903585
   2      0.409340738400
   3      0.410133653698
   4      0.411449882046
   5      0.413281518534
   6      0.415617558880
   7      0.418443970171
   8      0.421743783387
   9      0.425497180476
  10      0.429681627688
  11      0.434271992587
  12      0.439240710041
  13      0.444557923714
  14      0.450191665673
  15      0.456108030529
  16      0.462271376808
  17      0.468644514711
  18      0.475188921077
  19      0.481864943476
  20      0.488632042383
  21      0.495448989828
  22      0.502274127900
  23      0.509065597325
  24      0.515781576922
  25      0.522380542118
  26      0.528821507121
  27      0.535064280715
  28      0.541069730207
  29      0.546800018163
  30      0.552218871806
  31      0.557291822473
  32      0.561986450519
  33      0.566272616613
  34      0.570122684872
  35      0.573511735107
  36      0.576417750587
  37      0.578821789465
  38      0.580708139888
  39      0.582064447886
  40      0.582881815336
  41      0.583154867989
  42      0.586791517347
  43      0.597641145941
  44      0.615526760032
  45      0.640165859173
  46      0.671187124956
  47      0.708150171029
  48      0.750565951641
  49      0.797915755189
  50      0.849667476625
  51      0.905288472116
  52      0.964254960577
  53      1.026058320385
  54      1.090208749314
  55      1.156236987012
  56      1.223694570789
  57      1.292153185266
  58      1.361203429698
  59      1.430453367607
  60      1.499527011109
  61      1.568062930412
  62      1.635713070120
  63      1.702141824046
  64      1.767025425675
  65      1.830051648844
  66      1.890919775084
  67      1.949340890225
  68      2.005038390528
  69      2.057748720113
  70      2.107222258052
  71      2.153224333353
  72      2.195536291643
  73      2.233956589071
  74      2.268301867155
  75      2.298407932391
  76      2.324130676001
  77      2.345346860337
  78      2.361954780125
  79      2.373874801242
  80      2.381049755287
  81      2.383445238906
  82      2.380695408618
  83      2.372458350638
  84      2.358771570419
  85      2.339698296337
  86      2.315328423927
  87      2.285779650598
  88      2.251198596739
  89      2.211761676487
  90      2.167675516780
  91      2.119176726063
  92      2.066530843924
  93      2.010030439023
  94      1.949992387950
  95      1.886754419381
  96      1.820671214683
  97      1.752110288116
  98      1.681447994917
  99      1.609065972054
 100      1.535348281030
 101      1.460679516689
 102      1.385443963668
 103      1.310025879391
 104      1.234810849197
 105      1.160187998628
 106      1.086552899603
 107      1.014310792244
 108      0.943879861134
 109      0.875694212234
 110      0.810206232115
 111      0.747887970297
 112      0.689231171900
 113      0.634745364684
 114      0.584953382779
 115      0.540383551570
 116      0.501557845307
 117      0.468975606529
 118      0.443093172901
 119      0.424300660458
 120      0.412898327797
 121      0.409075903585
&
# Band     22
   1      0.409075903585
   2      0.413308825160
   3      0.425922431853
   4      0.446668373507
   5      0.475155010248
   6      0.510876251114
   7      0.553244354657
   8      0.601622008447
   9      0.655350277887
  10      0.713770669205
  11      0.776240890287
  12      0.842144932498
  13      0.910898532005
  14      0.981951186142
  15      1.054785826873
  16      1.128917011235
  17      1.203888338977
  18      1.279269502846
  19      1.354653355200
  20      1.429653156936
  21      1.503900093091
  22      1.577041199336
  23      1.648737642213
  24      1.718663402105
  25      1.786504342609
  26      1.851957658143
  27      1.914731664418
  28      1.974545920889
  29      2.031131657975
  30      2.084232481834
  31      2.133605299549
  32      2.179021478334
  33      2.220268124467
  34      2.257149484680
  35      2.289488410129
  36      2.317127793155
  37      2.339931968672
  38      2.357787990381
  39      2.370606762761
  40      2.378323955375
  41      2.380900688593
  42      2.380894952433
  43      2.380878016066
  44      2.380850684950
  45      2.380814259789
  46      2.380770495717
  47      2.380721517943
  48      2.380669751002
  49      2.380617826236
  50      2.380568475666
  51      2.380524444922
  52      2.380488387114
  53      2.380462786643
  54      2.380449872119
  55      2.380451553782
  56      2.380469366356
  57      2.380504436390
  58      2.380557452333
  59      2.380628656367
  60      2.380717833521
  61      2.380824349771
  62      2.380947149314
  63      2.381084803552
  64      2.381235543746
  65      2.381397309994
  66      2.381567792048
  67      2.381744494626
  68      2.381924770058
  69      2.382105899928
  70      2.382285119559
  71      2.382459688763
  72      2.382626927221
  73      2.382784268897
  74      2.382929302863
  75      2.383059808671
  76      2.383173789003
  77      2.383269507775
  78      2.383345506455
  79      2.383400631281
  80      2.383434044141
  81      2.383445238906
  82      2.381381021258
  83      2.375190956118
  84      2.364882891250
  85      2.350470135742
  86      2.331971854574
  87      2.309413552977
  88      2.282827737673
  89      2.252254695120
  90      2.217743384044
  91      2.179352477633
  92      2.137151500981
  93      2.091222104572
  94      2.041659457507
  95      1.988573738688
  96      1.932091774943
  97      1.872358815209
  98      1.809540413558
  99      1.743824502707
 100      1.675423619907
 101      1.604577339643
 102      1.531554929464
 103      1.456658283371
 104      1.380225146366
 105      1.302632698193
 106      1.224301471774
 107      1.145699658053
 108      1.067347655741
 109      0.989822732622
 110      0.913763441965
 111      0.839873181773
 112      0.768921990731
 113      0.701745209410
 114      0.639237180828
 115      0.582337788980
 116      0.532009555011
 117      0.489203565844
 118      0.454813998509
 119      0.429623732743
 120      0.414246709118
 121      0.409075903585
&
# Band     23
   1      0.409075903585
   2      0.413308825160
   3      0.425922431853
   4      0.446668373507
   5      0.475155010248
   6      0.510876251114
   7      0.553244354657
   8      0.601622008447
   9      0.655350277887
  10      0.713770669205
  11      0.776240890287
  12      0.842144932498
  13      0.910898532005
  14      0.981951186142
  15      1.054785826873
  16      1.128917011235
  17      1.203888338977
  18      1.279269502846
  19      1.354653355200
  20      1.429653156936
  21      1.503900093091
  22      1.577041199336
  23      1.648737642213
  24      1.718663402105
  25      1.786504342609
  26      1.851957658143
  27      1.914731664418
  28      1.974545920889
  29      2.031131657975
  30      2.084232481834
  31      2.133605299549
  32      2.179021478334
  33      2.220268124467
  34      2.257149484680
  35      2.289488410129
  36      2.317127793155
  37      2.339931968672
  38      2.357787990381
  39      2.370606762761
  40      2.378323955375
  41      2.380900688593
  42      2.380932710952
  43      2.381040541512
  44      2.381259125133
  45      2.381645526815
  46      2.382277209209
  47      2.383249708770
  48      2.384673745908
  49      2.386671875262
  50      2.389374757745
  51      2.392917111487
  52      2.397433458696
  53      2.403053744624
  54      2.409898880344
  55      2.418076342667
  56      2.427675869303
  57      2.438765393476
  58      2.451387283315
  59      2.465555032945
  60      2.481250525027
  61      2.498421976292
  62      2.516982680380
  63      2.536810692185
  64      2.557749456442
  65      2.579609478498
  66      2.602170974712
  67      2.625187488838
  68      2.648390351977
  69      2.671493844578
  70      2.694200899937
  71      2.716209169625
  72      2.737217244002
  73      2.756930861862
  74      2.775068899655
  75      2.791369053224
  76      2.805593010693
  77      2.817531092007
  78      2.827006219070
  79      2.833877224655
  80      2.838041418433
  81      2.839436450954
  82      2.836643572254
  83      2.828273238347
  84      2.814351476925
  85      2.794925004495
  86      2.770065406050
  87      2.739873407257
  88      2.704482264994
  89      2.664059348332
  90      2.618805474581
  91      2.568951848002
  92      2.514754881485
  93      2.456489543366
  94      2.394441890618
  95      2.328901667360
  96      2.260155608128
  97      2.188481919412
  98      2.114146189783
  99      2.037398687799
 100      1.958472938855
 101      1.877585444900
 102      1.794936563371
 103      1.710712735799
 104      1.625090444351
 105      1.538242486768
 106      1.450347230966
 107      1.361601573092
 108      1.272238371860
 109      1.182549012234
 110      1.092911727037
 111      1.003825948607
 112      0.915952500010
 113      0.830158431244
 114      0.747563373837
 115      0.669580714388
 116      0.597941012693
 117      0.534676493974
 118      0.482036802426
 119      0.442305876754
 120      0.417511833259
 121      0.409075903585
&
# Band     24
   1      2.909819261449
   2      2.909874089671
   3      2.910036911720
   4      2.910302905740
   5      2.910664477032
   6      2.911111873035
   7      2.911633871774
   8      2.912218532893
   9      2.912853845286
  10      2.913528268604
  11      2.914231144147
  12      2.914952915276
  13      2.915685260751
  14      2.916421092003
  15      2.917154479674
  16      2.917880533876
  17      2.918595268141
  18      2.919295444314
  19      2.919978431056
  20      2.920642084107
  21      2.921284615680
  22      2.921904523708
  23      2.922500502042
  24      2.923071391478
  25      2.923616133494
  26      2.924133734873
  27      2.924623248660
  28      2.925083768714
  29      2.925514410667
  30      2.925914320081
  31      2.926282669729
  32      2.926618665039
  33      2.926921546813
  34      2.927190618440
  35      2.927425221405
  36      2.927624778826
  37      2.927788779128
  38      2.927916792372
  39      2.928008478416
  40      2.928063589636
  41      2.928081976370
  42      2.932108643803
  43      2.944070861616
  44      2.963622245192
  45      2.990207878179
  46      3.023095249113
  47      3.061412826280
  48      3.104192956467
  49      3.150415852165
  50      3.199052174669
  51      3.249102218475
  52      3.299630173132
  53      3.349792219003
  54      3.398857512681
  55      3.446221275671
  56      3.491409850259
  57      3.534078089947
  58      3.574000216424
  59      3.611055740392
  60      3.645212440849
  61      3.676508258632
  62      3.705033742348
  63      3.730916186861
  64      3.754306125559
  65      3.775366415865
  66      3.794263836364
  67      3.811162917982
  68      3.826221644583
  69      3.839588622988
  70      3.851401374100
  71      3.861785443090
  72      3.870854045652
  73      3.878708100653
  74      3.885436469594
  75      3.891116323968
  76      3.895813542538
  77      3.899583111353
  78      3.902469496539
  79      3.904506949067
  80      3.905719757821
  81      3.906122421027
  82      3.905317445642
  83      3.902897161566
  84      3.898845810685
  85      3.893138276890
  86      3.885741669779
  87      3.876617346462
  88      3.865723213646
  89      3.853016144006
  90      3.838454368063
  91      3.821999754504
  92      3.803619929941
  93      3.783290238138
  94      3.760995541401
  95      3.736731929454
  96      3.710508368448
  97      3.682348347252
  98      3.652291531903
  99      3.620395515300
 100      3.586737618596
 101      3.551416795997
 102      3.514555632074
 103      3.476302409835
 104      3.436833200552
 105      3.396353983533
 106      3.355102697859
 107      3.313351212487
 108      3.271407138530
 109      3.229615421123
 110      3.188359566657
 111      3.148062287686
 112      3.109185198163
 113      3.072226881429
 114      3.037718427548
 115      3.006215182812
 116      2.978283337251
 117      2.954480288897
 118      2.935328529014
 119      2.921284422480
 120      2.912705211253
 121      2.909819261449
&
# Band     25
   1      2.909819261449
   2      2.915428518602
   3      2.932125389689
   4      2.959527211873
   5      2.997027843367
   6      3.043839612506
   7      3.099042567637
   8      3.161634861718
   9      3.230579210320
  10      3.304842247453
  11      3.383425315250
  12      3.465386663015
  13      3.549855760415
  14      3.636040949316
  15      3.723231677843
  16      3.810796532996
  17      3.898178176608
  18      3.984886224128
  19      4.070488879841
  20      4.154604182963
  21      4.236891460546
  22      4.317043515092
  23      4.394779897892
  24      4.469841415051
  25      4.541985942379
  26      4.610985429412
  27      4.676623967409
  28      4.738696700891
  29      4.797009416754
  30      4.851378620460
  31      4.901631933319
  32      4.947608696588
  33      4.989160706174
  34      5.026152958227
  35      5.058464413782
  36      5.085988689924
  37      5.108634688376
  38      5.126327142443
  39      5.139007044236
  40      5.146632009299
  41      5.149176505188
  42      5.151224874924
  43      5.157385206183
  44      5.167702226318
  45      5.182247250931
  46      5.201113198742
  47      5.224407345197
  48      5.252241727737
  49      5.284721199994
  50      5.321929472357
  51      5.363913745694
  52      5.410669100188
  53      5.462123994383
  54      5.518128553408
  55      5.578447096727
  56      5.642755950345
  57      5.710646899935
  58      5.781635789631
  59      5.855175131789
  60      5.930669086853
  61      6.007489183372
  62      6.084989172698
  63      6.162517723095
  64      6.239427905629
  65      6.315082108545
  66      6.388849876683
  67      6.460092033634
  68      6.528110400538
  69      6.591986321005
  70      6.649945449397
  71      6.696103726217
  72      6.711935658909
  73      6.699144816296
  74      6.680067993849
  75      6.661504345489
  76      6.645069367666
  77      6.631306790131
  78      6.620455659468
  79      6.612639539861
  80      6.607926579504
  81      6.606351946393
  82      6.609473734558
  83      6.618476866525
  84      6.632182221236
  85      6.648263821116
  86      6.662572122998
  87      6.668456549850
  88      6.658413825928
  89      6.629488021906
  90      6.556149235827
  91      6.455517821413
  92      6.347056164682
  93      6.231384306998
  94      6.109119127760
  95      5.980872518521
  96      5.847251883676
  97      5.708862586767
  98      5.566311841710
  99      5.420213561863
 100      5.271193584614
 101      5.119894762632
 102      4.966981570751
 103      4.813144029857
 104      4.659101053882
 105      4.505603568236
 106      4.353437913947
 107      4.203429972906
 108      4.056450321708
 109      3.913420278018
 110      3.775318322461
 111      3.643185823895
 112      3.518130478932
 113      3.401325367702
 114      3.294001078879
 115      3.197428171940
 116      3.112887475942
 117      3.041626755384
 118      2.984804298287
 119      2.943423105456
 120      2.918262799426
 121      2.909819261449
&
# Band     26
   1      4.076924514134
   2      4.079611181352
   3      4.087661422282
   4      4.101046039108
   5      4.119716644541
   6      4.143605980201
   7      4.172628191442
   8      4.206678938926
   9      4.245635178207
  10      4.289354574690
  11      4.337674420611
  12      4.390410111208
  13      4.447353196379
  14      4.508269149351
  15      4.572894991127
  16      4.640936972072
  17      4.712068517459
  18      4.785928632878
  19      4.862120984491
  20      4.940213798352
  21      5.016668924877
  22      5.090580984111
  23      5.164184694803
  24      5.237046892504
  25      5.308734331133
  26      5.378815307493
  27      5.446861508924
  28      5.512450133075
  29      5.575166282501
  30      5.634605636822
  31      5.690377448698
  32      5.742107773822
  33      5.789442932202
  34      5.832053116398
  35      5.869636084104
  36      5.901920815356
  37      5.928671009200
  38      5.949688354497
  39      5.964815373513
  40      5.973937802918
  41      5.976986351638
  42      5.978519936373
  43      5.983108469947
  44      5.990716408845
  45      6.001287760200
  46      6.014749578449
  47      6.031014901444
  48      6.049984472934
  49      6.071547205156
  50      6.095579795157
  51      6.121945924777
  52      6.150495504176
  53      6.181064203791
  54      6.213473361828
  55      6.247530324392
  56      6.283029185648
  57      6.319751908923
  58      6.357469766190
  59      6.395945068714
  60      6.434933118106
  61      6.474184336975
  62      6.513446489380
  63      6.552466974744
  64      6.590995053751
  65      6.628784038860
  66      6.665593310669
  67      6.701190200943
  68      6.735351679720
  69      6.767865841053
  70      6.798533198269
  71      6.792028536854
  72      6.800175035341
  73      6.835033199071
  74      6.874056470881
  75      6.910263649957
  76      6.934392255334
  77      6.947779579692
  78      6.958268752661
  79      6.965802102430
  80      6.970338520756
  81      6.971853392222
  82      6.968840882262
  83      6.960037930856
  84      6.946242071075
  85      6.920736452556
  86      6.868193440341
  87      6.804928921623
  88      6.731455284077
  89      6.648331716246
  90      6.584582998124
  91      6.527851808016
  92      6.462229215892
  93      6.389522280916
  94      6.310885808053
  95      6.227123455656
  96      6.138844475773
  97      6.046545908860
  98      5.950659722065
  99      5.851583890071
 100      5.749706169687
 101      5.645424312464
 102      5.539164043257
 103      5.431394815618
 104      5.322642810678
 105      5.213500412145
 106      5.104631433620
 107      4.996771662815
 108      4.890724556722
 109      4.787352261845
 110      4.687562566351
 111      4.592292529690
 112      4.502489840083
 113      4.418907948156
 114      4.340370720660
 115      4.271530588946
 116      4.212700549259
 117      4.164158990407
 118      4.126144060996
 119      4.098848123757
 120      4.082412715994
 121      4.076924514134
&
# Band     27
   1      4.076924514134
   2      4.079841727099
   3      4.088573847267
   4      4.103062525263
   5      4.123211196042
   6      4.148886118361
   7      4.179917825152
   8      4.216102976612
   9      4.257206569768
  10      4.302964428321
  11      4.353085882967
  12      4.407256536073
  13      4.465141026355
  14      4.526385660216
  15      4.590620912478
  16      4.657463676757
  17      4.726519303601
  18      4.797383401880
  19      4.869643433378
  20      4.942880154992
  21      5.019740788313
  22      5.100203202321
  23      5.181073136769
  24      5.261798181470
  25      5.341807338143
  26      5.420518119859
  27      5.497344551189
  28      5.571705660878
  29      5.643034039826
  30      5.710783947359
  31      5.774438546739
  32      5.833516005953
  33      5.887574248824
  34      5.936214413576
  35      5.979083133151
  36      6.015873846795
  37      6.046327409594
  38      6.070232209484
  39      6.087424047519
  40      6.097785887529
  41      6.101247616655
  42      6.103850236065
  43      6.111656298344
  44      6.124659416980
  45      6.142846165874
  46      6.166193276571
  47      6.194665627335
  48      6.228215660826
  49      6.266784214049
  50      6.310302341514
  51      6.358693541132
  52      6.411875955611
  53      6.469764152084
  54      6.532270362945
  55      6.599304997428
  56      6.670776415748
  57      6.746589840647
  58      6.826645403618
  59      6.910835167977
  60      6.999039101578
  61      7.091119844067
  62      7.150402463526
  63      7.099815373084
  64      7.051111683351
  65      7.004477150133
  66      6.960107104920
  67      6.918228028080
  68      6.879151653250
  69      6.843438769001
  70      6.812535665941
  71      6.827167815970
  72      6.853598216163
  73      6.877668153792
  74      6.899237185450
  75      6.918181115651
  76      6.941883909095
  77      6.968243962413
  78      6.989000094731
  79      7.003948190721
  80      7.012963031747
  81      7.015975394766
  82      7.009951863309
  83      6.991939191093
  84      6.962108502362
  85      6.929147981780
  86      6.912031570986
  87      6.900438587191
  88      6.900552028738
  89      6.913813867789
  90      6.935642485186
  91      6.960084274567
  92      6.982337449450
  93      6.998737974938
  94      7.006385285991
  95      7.002967769925
  96      6.837484104119
  97      6.660758660994
  98      6.485460378873
  99      6.312263403519
 100      6.141809450163
 101      5.974708641619
 102      5.811540487890
 103      5.652855592324
 104      5.499178258464
 105      5.351009845214
 106      5.208832383229
 107      5.073111946407
 108      4.944301291396
 109      4.822841405915
 110      4.709161914214
 111      4.603680282491
 112      4.506800017505
 113      4.419092942043
 114      4.343010927158
 115      4.275103974552
 116      4.216164806323
 117      4.166901310351
 118      4.127920341362
 119      4.099712776433
 120      4.082640263046
 121      4.076924514134
&
# Band     28
   1      4.892019206440
   2      4.895881345669
   3      4.907457112820
   4      4.926714559005
   5      4.953600388003
   6      4.988039880068
   7      5.029936848395
   8      5.079173660882
   9      5.135611422451
  10      5.199090486622
  11      5.269431456890
  12      5.346436906486
  13      5.429893971622
  14      5.519577978769
  15      5.615257116849
  16      5.716698061834
  17      5.823672278897
  18      5.935962632063
  19      6.053369710854
  20      6.175717354197
  21      6.302856713091
  22      6.434668302339
  23      6.571061605988
  24      6.711971893591
  25      6.857354122142
  26      6.868141300605
  27      6.857198922001
  28      6.846643609037
  29      6.836545801107
  30      6.826973616472
  31      6.817992269940
  32      6.809663523195
  33      6.802045140566
  34      6.795190377458
  35      6.789147485099
  36      6.783959264280
  37      6.779662654456
  38      6.776288393609
  39      6.773860697151
  40      6.772397040236
  41      6.771907978158
  42      6.774056502122
  43      6.780490174474
  44      6.791173391837
  45      6.806047053801
  46      6.825028941164
  47      6.848014205734
  48      6.874875982588
  49      6.905466078516
  50      6.939615750273
  51      6.977136507308
  52      7.017820982533
  53      7.061443784037
  54      7.107762374016
  55      7.156517955862
  56      7.207436347649
  57      7.260228910043
  58      7.314593482371
  59      7.311567002085
  60      7.256475616358
  61      7.202686676411
  62      7.186916129885
  63      7.286234725538
  64      7.388840587237
  65      7.494444999455
  66      7.602691272623
  67      7.713137480226
  68      7.825235791757
  69      7.920225104875
  70      7.966840622777
  71      8.010569298342
  72      8.051109572269
  73      8.088180310123
  74      8.121523482657
  75      8.150906522319
  76      8.176124334171
  77      8.197000950342
  78      8.213390857947
  79      8.225179965086
  80      8.232286332833
  81      8.234660613339
  82      8.231374482008
  83      8.221577885073
  84      8.205453737469
  85      8.183298814738
  86      8.155512272536
  87      8.122580732080
  88      8.085060960098
  89      8.043561264401
  90      7.884762429320
  91      7.716156387583
  92      7.543858136281
  93      7.368939823070
  94      7.192344733368
  95      7.014928355055
  96      6.986750031481
  97      6.956630700694
  98      6.912196901925
  99      6.853720944957
 100      6.782074206398
 101      6.698571222048
 102      6.604786461749
 103      6.502391069236
 104      6.393039798826
 105      6.278314696011
 106      6.159715119046
 107      6.038677121615
 108      5.916605850714
 109      5.794908428882
 110      5.675019195487
 111      5.558412874317
 112      5.446604015741
 113      5.341132955642
 114      5.243539855745
 115      5.155329146509
 116      5.077927409334
 117      5.012638192064
 118      4.960597477545
 119      4.922733451596
 120      4.899733343215
 121      4.892019206440
&
# Band     29
   1      7.071590504434
   2      7.071155013412
   3      7.069850755354
   4      7.067684361673
   5      7.064666866587
   6      7.060813717999
   7      7.056144723079
   8      7.050684042814
   9      7.044460148479
  10      7.037505753602
  11      7.029857767707
  12      7.021557192910
  13      7.012649025958
  14      7.003182133061
  15      6.993209092056
  16      6.982786007380
  17      6.971972300536
  18      6.960830459752
  19      6.949425773306
  20      6.937825994828
  21      6.926101008600
  22      6.914322440431
  23      6.902563235884
  24      6.890897200402
  25      6.879398531271
  26      7.007173901890
  27      7.161395659392
  28      7.319968005945
  29      7.482806210734
  30      7.649770984117
  31      7.820641728830
  32      7.992670609180
  33      8.017595112223
  34      8.039909499119
  35      8.059491416591
  36      8.076235676307
  37      8.090054056232
  38      8.100875017630
  39      8.108643375813
  40      8.113319970874
  41      8.114881428232
  42      8.110364003453
  43      8.097013414466
  44      8.075395502995
  45      8.046339568683
  46      8.010815147772
  47      7.969822846464
  48      7.924318334079
  49      7.875170856572
  50      7.823148229461
  51      7.768918260976
  52      7.713058485573
  53      7.656068926076
  54      7.598384934728
  55      7.540388741707
  56      7.482419232171
  57      7.424779954573
  58      7.367745569760
  59      7.370215413933
  60      7.426768679673
  61      7.483917164549
  62      7.541316086695
  63      7.598613673639
  64      7.655453061660
  65      7.711474464533
  66      7.766317606228
  67      7.819624398510
  68      7.871041847117
  69      7.938307843688
  70      8.051516186568
  71      8.163832616405
  72      8.216347742392
  73      8.219955841563
  74      8.223239537475
  75      8.226163858055
  76      8.228696838086
  77      8.230810188612
  78      8.232479868373
  79      8.233686628036
  80      8.234416396592
  81      8.234660613339
  82      8.232712895799
  83      8.226884053645
  84      8.217216898552
  85      8.203782416861
  86      8.186679184541
  87      8.166032575331
  88      8.141993715826
  89      8.048412216418
  90      7.998722633680
  91      7.951200625596
  92      7.901648784172
  93      7.850704103465
  94      7.798974869518
  95      7.747031005764
  96      7.695396758602
  97      7.644545570775
  98      7.594896859538
  99      7.546814334999
 100      7.500605681740
 101      7.456523304416
 102      7.414766050230
 103      7.375481766806
 104      7.338770630139
 105      7.304689188212
 106      7.273255014137
 107      7.244451816457
 108      7.218234856934
 109      7.194536463570
 110      7.173271453843
 111      7.154342310310
 112      7.137643994298
 113      7.123068329664
 114      7.110507940279
 115      7.099859754855
 116      7.091028087273
 117      7.083927314187
 118      7.078484177103
 119      7.074639679016
 120      7.072350581032
 121      7.071590504434
&
# Band     30
   1      7.071590504434
   2      7.073212806452
   3      7.078069679666
   4      7.086131077265
   5      7.097347134383
   6      7.111648497361
   7      7.128946761848
   8      7.149135006145
   9      7.172088471490
  10      7.197665277715
  11      7.225707266803
  12      7.256040898140
  13      7.288478209076
  14      7.322817873451
  15      7.358846292769
  16      7.396338785337
  17      7.435060854315
  18      7.474769548285
  19      7.515214933388
  20      7.556141677025
  21      7.597290759454
  22      7.638401307840
  23      7.679212525538
  24      7.719465730227
  25      7.758906438304
  26      7.797286449275
  27      7.834365889330
  28      7.869915154236
  29      7.903716683520
  30      7.935566508796
  31      7.965275546304
  32      7.992670609180
  33      8.017595112223
  34      8.039909499119
  35      8.059491416591
  36      8.076235676307
  37      8.090054056232
  38      8.100875017630
  39      8.108643375813
  40      8.113319970874
  41      8.114881428232
  42      8.115019934187
  43      8.115435237082
  44      8.116126689285
  45      8.117093188736
  46      8.118333146289
  47      8.119844436736
  48      8.121624344381
  49      8.123669478683
  50      8.125975692629
  51      8.128537982044
  52      8.131350357702
  53      8.134405725595
  54      8.137695734549
  55      8.141210634723
  56      8.144939100740
  57      8.148868082017
  58      8.152982625900
  59      8.157265719829
  60      8.161698144401
  61      8.166258350922
  62      8.170922368880
  63      8.175663746087
  64      8.180453559562
  65      8.185260461787
  66      8.190050833095
  67      8.194788983032
  68      8.199437460568
  69      8.203957432333
  70      8.208309158819
  71      8.212452541329
  72      8.274006299257
  73      8.380537825165
  74      8.481670105956
  75      8.575411826005
  76      8.659610091201
  77      8.732080385079
  78      8.790780006034
  79      8.833984737246
  80      8.860419132071
  81      8.869315347781
  82      8.851632472122
  83      8.800285441139
  84      8.719631706597
  85      8.615098359023
  86      8.491860451647
  87      8.354226586353
  88      8.205556253645
  89      8.114738211986
  90      8.084464628015
  91      8.051392733952
  92      8.015761521956
  93      7.977827018518
  94      7.937859900736
  95      7.896142954776
  96      7.852968411876
  97      7.808635194554
  98      7.763446151929
  99      7.717705284166
 100      7.671715059424
 101      7.625773845110
 102      7.580173499665
 103      7.535197182050
 104      7.491117408856
 105      7.448194372634
 106      7.406674554117
 107      7.366789609279
 108      7.328755558427
 109      7.292772228376
 110      7.259022955838
 111      7.227674503071
 112      7.198877153118
 113      7.172764962873
 114      7.149456116827
 115      7.129053365174
 116      7.111644491845
 117      7.097302793429
 118      7.086087533605
 119      7.078044345865
 120      7.073205568223
 121      7.071590504434
&
